 0    0.000000000000e+000  0.000000000000e+000
 1    3.749999916181e-003 -3.750195829753e-006
 2    7.499999832362e-003 -1.500133611444e-005
 3    1.125000044703e-002 -3.375405365659e-005
 4    1.499999966472e-002 -6.000778401358e-005
 5    1.875000074506e-002 -9.375994257425e-005
 6    2.250000089407e-002 -1.350060048571e-004
 7    2.624999918044e-002 -1.837407708808e-004
 8    2.999999932945e-002 -2.399607274856e-004
 9    3.375000134110e-002 -3.036668621644e-004
 10    3.750000149012e-002 -3.748670239293e-004
 11    4.125000163913e-002 -4.535766174376e-004
 12    4.500000178814e-002 -5.398168339161e-004
 13    4.874999821186e-002 -6.336101476336e-004
 14    5.249999836087e-002 -7.349733449519e-004
 15    5.624999850988e-002 -8.439095001086e-004
 16    5.999999865890e-002 -9.604011170450e-004
 17    6.374999880791e-002 -1.084406067966e-003
 18    6.750000268221e-002 -1.215859669610e-003
 19    7.124999910593e-002 -1.354682905367e-003
 20    7.500000298023e-002 -1.500797683257e-003
 21    7.874999940395e-002 -1.654147001682e-003
 22    8.250000327826e-002 -1.814717375091e-003
 23    8.624999970198e-002 -1.982557463925e-003
 24    9.000000357628e-002 -2.157789774938e-003
 25    9.375000000000e-002 -2.340608800296e-003
 26    9.749999642372e-002 -2.531263112323e-003
 27    1.012500002980e-001 -2.730021480238e-003
 28    1.049999967217e-001 -2.937123933807e-003
 29    1.087500005960e-001 -3.152725116815e-003
 30    1.124999970198e-001 -3.376838215627e-003
 31    1.162500008941e-001 -3.609289312735e-003
 32    1.199999973178e-001 -3.849694282981e-003
 33    1.237500011921e-001 -4.097467456013e-003
 34    1.274999976158e-001 -4.351866233628e-003
 35    1.312499940395e-001 -4.612072701566e-003
 36    1.350000053644e-001 -4.877308951691e-003
 37    1.387500017881e-001 -5.146967414767e-003
 38    1.424999982119e-001 -5.420748959295e-003
 39    1.462499946356e-001 -5.698777369689e-003
 40    1.500000059605e-001 -5.981676569209e-003
 41    1.537500023842e-001 -6.270592329092e-003
 42    1.574999988079e-001 -6.567138035316e-003
 43    1.612499952316e-001 -6.873273612000e-003
 44    1.650000065565e-001 -7.191108316183e-003
 45    1.687500029802e-001 -7.522656803485e-003
 46    1.724999994040e-001 -7.869568993337e-003
 47    1.762499958277e-001 -8.232864304446e-003
 48    1.800000071526e-001 -8.612708207220e-003
 49    1.837500035763e-001 -9.008260364644e-003
 50    1.875000000000e-001 -9.417635858990e-003
 51    1.912499964237e-001 -9.837963068858e-003
 52    1.949999928474e-001 -1.026558828074e-002
 53    1.987500041723e-001 -1.069636224303e-002
 54    2.025000005960e-001 -1.112603357062e-002
 55    2.062499970198e-001 -1.155066806823e-002
 56    2.099999934435e-001 -1.196707772091e-002
 57    2.137500047684e-001 -1.237320275977e-002
 58    2.175000011921e-001 -1.276839829981e-002
 59    2.212499976158e-001 -1.315359981265e-002
 60    2.249999940395e-001 -1.353133893572e-002
 61    2.287500053644e-001 -1.390561474953e-002
 62    2.325000017881e-001 -1.428162360564e-002
 63    2.362499982119e-001 -1.466537323780e-002
 64    2.399999946356e-001 -1.506323110312e-002
 65    2.437500059605e-001 -1.548144569155e-002
 66    2.475000023842e-001 -1.592568730935e-002
 67    2.512499988079e-001 -1.640064171515e-002
 68    2.549999952316e-001 -1.690972344950e-002
 69    2.587499916553e-001 -1.745487239212e-002
 70    2.624999880791e-001 -1.803650178947e-002
 71    2.662500143051e-001 -1.865353394300e-002
 72    2.700000107288e-001 -1.930354320444e-002
 73    2.737500071526e-001 -1.998294906691e-002
 74    2.775000035763e-001 -2.068725115620e-002
 75    2.812500000000e-001 -2.141124560498e-002
 76    2.849999964237e-001 -2.214922377840e-002
 77    2.887499928474e-001 -2.289511820301e-002
 78    2.924999892712e-001 -2.364258937538e-002
 79    2.962499856949e-001 -2.438506136648e-002
 80    3.000000119209e-001 -2.511570667848e-002
 81    3.037500083447e-001 -2.582741275430e-002
 82    3.075000047684e-001 -2.651272295974e-002
 83    3.112500011921e-001 -2.716379480436e-002
 84    3.149999976158e-001 -2.777239467949e-002
 85    3.187499940395e-001 -2.832989905030e-002
 86    3.224999904633e-001 -2.882735012099e-002
 87    3.262499868870e-001 -2.925555216148e-002
 88    3.300000131130e-001 -2.960517164320e-002
 89    3.337500095367e-001 -2.986687200144e-002
 90    3.375000059605e-001 -3.003144950606e-002
 91    3.412500023842e-001 -3.008996294811e-002
 92    3.449999988079e-001 -3.003386062570e-002
 93    3.487499952316e-001 -2.985510913655e-002
 94    3.524999916553e-001 -2.954631743021e-002
 95    3.562499880791e-001 -2.910086756572e-002
 96    3.600000143051e-001 -2.851308310404e-002
 97    3.637500107288e-001 -2.777840579860e-002
 98    3.675000071526e-001 -2.689361595549e-002
 99    3.712500035763e-001 -2.585709018633e-002
 100    3.750000000000e-001 -2.466906288639e-002
 101    3.787499964237e-001 -2.333191500977e-002
 102    3.824999928474e-001 -2.185042409226e-002
 103    3.862499892712e-001 -2.023197839502e-002
 104    3.899999856949e-001 -1.848670986947e-002
 105    3.937500119209e-001 -1.662753115408e-002
 106    3.975000083447e-001 -1.467002468649e-002
 107    4.012500047684e-001 -1.263220835011e-002
 108    4.050000011921e-001 -1.053414148511e-002
 109    4.087499976158e-001 -8.397387198638e-003
 110    4.124999940395e-001 -6.244349089684e-003
 111    4.162499904633e-001 -4.097509446729e-003
 112    4.199999868870e-001 -1.978600248694e-003
 113    4.237500131130e-001  9.224598179571e-005
 114    4.275000095367e-001  2.097323447233e-003
 115    4.312500059605e-001  4.022108975332e-003
 116    4.350000023842e-001  5.855906496290e-003
 117    4.387499988079e-001  7.592336779926e-003
 118    4.424999952316e-001  9.229640634730e-003
 119    4.462499916553e-001  1.077076928690e-002
 120    4.499999880791e-001  1.222325747367e-002
 121    4.537500143051e-001  1.359885442536e-002
 122    4.575000107288e-001  1.491294823121e-002
 123    4.612500071526e-001  1.618378594052e-002
 124    4.650000035763e-001  1.743153155781e-002
 125    4.687500000000e-001  1.867721434683e-002
 126    4.724999964237e-001  1.994159989990e-002
 127    4.762499928474e-001  2.124408442527e-002
 128    4.799999892712e-001  2.260163635947e-002
 129    4.837499856949e-001  2.402789574116e-002
 130    4.875000119209e-001  2.553244719282e-002
 131    4.912500083447e-001  2.712034469470e-002
 132    4.950000047684e-001  2.879192646593e-002
 133    4.987500011921e-001  3.054289536551e-002
 134    5.024999976158e-001  3.236471762881e-002
 135    5.062500238419e-001  3.424524480477e-002
 136    5.099999904633e-001  3.616956073791e-002
 137    5.137500166893e-001  3.812100434676e-002
 138    5.174999833107e-001  4.008219867945e-002
 139    5.212500095367e-001  4.203612724319e-002
 140    5.249999761581e-001  4.396708298475e-002
 141    5.287500023842e-001  4.586150836200e-002
 142    5.325000286102e-001  4.770855981857e-002
 143    5.362499952316e-001  4.950048238039e-002
 144    5.400000214577e-001  5.123270390555e-002
 145    5.437499880791e-001  5.290368599817e-002
 146    5.475000143051e-001  5.451454713941e-002
 147    5.512499809265e-001  5.606853595003e-002
 148    5.550000071526e-001  5.757039368153e-002
 149    5.587499737740e-001  5.902566019446e-002
 150    5.625000000000e-001  6.044002575800e-002
 151    5.662500262260e-001  6.181876178831e-002
 152    5.699999928474e-001  6.316629953682e-002
 153    5.737500190735e-001  6.448592957109e-002
 154    5.774999856949e-001  6.577972933650e-002
 155    5.812500119209e-001  6.704863812774e-002
 156    5.849999785423e-001  6.829263813794e-002
 157    5.887500047684e-001  6.951109264046e-002
 158    5.924999713898e-001  7.070307180285e-002
 159    5.962499976158e-001  7.186773363501e-002
 160    6.000000238419e-001  7.300456870347e-002
 161    6.037499904633e-001  7.411363091320e-002
 162    6.075000166893e-001  7.519553281367e-002
 163    6.112499833107e-001  7.625140283257e-002
 164    6.150000095367e-001  7.728259369731e-002
 165    6.187499761581e-001  7.829033404589e-002
 166    6.225000023842e-001  7.927531503141e-002
 167    6.262500286102e-001  8.023717951030e-002
 168    6.299999952316e-001  8.117410216480e-002
 169    6.337500214577e-001  8.208244111389e-002
 170    6.374999880791e-001  8.295652154833e-002
 171    6.412500143051e-001  8.378859296441e-002
 172    6.449999809265e-001  8.456901825964e-002
 173    6.487500071526e-001  8.528664447367e-002
 174    6.524999737740e-001  8.592934615910e-002
 175    6.562500000000e-001  8.648474656045e-002
 176    6.600000262260e-001  8.694095440209e-002
 177    6.637499928474e-001  8.728741433471e-002
 178    6.675000190735e-001  8.751560095698e-002
 179    6.712499856949e-001  8.761967271566e-002
 180    6.750000119209e-001  8.759686931968e-002
 181    6.787499785423e-001  8.744773663580e-002
 182    6.825000047684e-001  8.717610519379e-002
 183    6.862499713898e-001  8.678877279162e-002
 184    6.899999976158e-001  8.629503801465e-002
 185    6.937500238419e-001  8.570601690561e-002
 186    6.974999904633e-001  8.503385476768e-002
 187    7.012500166893e-001  8.429090995342e-002
 188    7.049999833107e-001  8.348891496658e-002
 189    7.087500095367e-001  8.263826873153e-002
 190    7.124999761581e-001  8.174743771553e-002
 191    7.162500023842e-001  8.082253664732e-002
 192    7.200000286102e-001  7.986707441509e-002
 193    7.237499952316e-001  7.888190984726e-002
 194    7.275000214577e-001  7.786537580192e-002
 195    7.312499880791e-001  7.681350704283e-002
 196    7.350000143051e-001  7.572038490325e-002
 197    7.387499809265e-001  7.457856111228e-002
 198    7.425000071526e-001  7.337943308055e-002
 199    7.462499737740e-001  7.211366750300e-002
 200    7.500000000000e-001  7.077153924853e-002
 201    7.537500262260e-001  6.934322834015e-002
 202    7.574999928474e-001  6.781908653677e-002
 203    7.612500190735e-001  6.618981730193e-002
 204    7.649999856949e-001  6.444663584232e-002
 205    7.687500119209e-001  6.258144631982e-002
 206    7.724999785423e-001  6.058696921915e-002
 207    7.762500047684e-001  5.845693899319e-002
 208    7.799999713898e-001  5.618629066274e-002
 209    7.837499976158e-001  5.377139952034e-002
 210    7.875000238419e-001  5.121033055708e-002
 211    7.912499904633e-001  4.850311234593e-002
 212    7.950000166893e-001  4.565197626129e-002
 213    7.987499833107e-001  4.266159478575e-002
 214    8.025000095367e-001  3.953923109919e-002
 215    8.062499761581e-001  3.629482120275e-002
 216    8.100000023842e-001  3.294096322730e-002
 217    8.137500286102e-001  2.949276473373e-002
 218    8.174999952316e-001  2.596760224551e-002
 219    8.212500214577e-001  2.238475829363e-002
 220    8.249999880791e-001  1.876493111253e-002
 221    8.287500143051e-001  1.512969837524e-002
 222    8.324999809265e-001  1.150090938434e-002
 223    8.362500071526e-001  7.900059963576e-003
 224    8.399999737740e-001  4.347676956095e-003
 225    8.437500000000e-001  8.627486182377e-004
 226    8.475000262260e-001 -2.537765874295e-003
 227    8.512499928474e-001 -5.839333407712e-003
 228    8.550000190735e-001 -9.030128952581e-003
 229    8.587499856949e-001 -1.210119233932e-002
 230    8.625000119209e-001 -1.504646432586e-002
 231    8.662499785423e-001 -1.786271137418e-002
 232    8.700000047684e-001 -2.054934851825e-002
 233    8.737499713898e-001 -2.310818852042e-002
 234    8.774999976158e-001 -2.554312972701e-002
 235    8.812500238419e-001 -2.785982361063e-002
 236    8.849999904633e-001 -3.006531435065e-002
 237    8.887500166893e-001 -3.216769790582e-002
 238    8.924999833107e-001 -3.417579647270e-002
 239    8.962500095367e-001 -3.609886514954e-002
 240    8.999999761581e-001 -3.794632840436e-002
 241    9.037500023842e-001 -3.972754469141e-002
 242    9.075000286102e-001 -4.145159603562e-002
 243    9.112499952316e-001 -4.312712015118e-002
 244    9.150000214577e-001 -4.476212636568e-002
 245    9.187499880791e-001 -4.636385853402e-002
 246    9.225000143051e-001 -4.793864804320e-002
 247    9.262499809265e-001 -4.949177191593e-002
 248    9.300000071526e-001 -5.102735913359e-002
 249    9.337499737740e-001 -5.254829028621e-002
 250    9.375000000000e-001 -5.405612897128e-002
 251    9.412500262260e-001 -5.555110497400e-002
 252    9.449999928474e-001 -5.703212695196e-002
 253    9.487500190735e-001 -5.849685737863e-002
 254    9.524999856949e-001 -5.994182428345e-002
 255    9.562500119209e-001 -6.136258982122e-002
 256    9.599999785423e-001 -6.275395860896e-002
 257    9.637500047684e-001 -6.411022799090e-002
 258    9.674999713898e-001 -6.542542466894e-002
 259    9.712499976158e-001 -6.669359870255e-002
 260    9.750000238419e-001 -6.790903743356e-002
 261    9.787499904633e-001 -6.906650794670e-002
 262    9.825000166893e-001 -7.016144961119e-002
 263    9.862499833107e-001 -7.119006510824e-002
 264    9.900000095367e-001 -7.214941151440e-002
 265    9.937499761581e-001 -7.303744867444e-002
 266    9.975000023842e-001 -7.385293211788e-002
 267    1.001250028610e+000 -7.459538724273e-002
 268    1.004999995232e+000 -7.526498161256e-002
 269    1.008749961853e+000 -7.586237791926e-002
 270    1.012500047684e+000 -7.638862777501e-002
 271    1.016250014305e+000 -7.684502225369e-002
 272    1.019999980927e+000 -7.723303060979e-002
 273    1.023749947548e+000 -7.755420930684e-002
 274    1.027500033379e+000 -7.781022205949e-002
 275    1.031250000000e+000 -7.800281360745e-002
 276    1.034999966621e+000 -7.813393294811e-002
 277    1.038750052452e+000 -7.820580981672e-002
 278    1.042500019073e+000 -7.822106242180e-002
 279    1.046249985695e+000 -7.818284805864e-002
 280    1.049999952316e+000 -7.809499066323e-002
 281    1.053750038147e+000 -7.796209383756e-002
 282    1.057500004768e+000 -7.778959717602e-002
 283    1.061249971390e+000 -7.758384630084e-002
 284    1.065000057220e+000 -7.735202834010e-002
 285    1.068750023842e+000 -7.710212785751e-002
 286    1.072499990463e+000 -7.684274606407e-002
 287    1.076249957085e+000 -7.658292580396e-002
 288    1.080000042915e+000 -7.633186783642e-002
 289    1.083750009537e+000 -7.609863869846e-002
 290    1.087499976158e+000 -7.589182656258e-002
 291    1.091249942780e+000 -7.571917727590e-002
 292    1.095000028610e+000 -7.558726426214e-002
 293    1.098749995232e+000 -7.550114594400e-002
 294    1.102499961853e+000 -7.546406075358e-002
 295    1.106250047684e+000 -7.547723121941e-002
 296    1.110000014305e+000 -7.553967885673e-002
 297    1.113749980927e+000 -7.564818501472e-002
 298    1.117499947548e+000 -7.579727321863e-002
 299    1.121250033379e+000 -7.597937986255e-002
 300    1.125000000000e+000 -7.618501950055e-002
 301    1.128749966621e+000 -7.640308778733e-002
 302    1.132500052452e+000 -7.662121031433e-002
 303    1.136250019073e+000 -7.682612806559e-002
 304    1.139999985695e+000 -7.700408972800e-002
 305    1.143749952316e+000 -7.714126177132e-002
 306    1.147500038147e+000 -7.722406536341e-002
 307    1.151250004768e+000 -7.723946295679e-002
 308    1.154999971390e+000 -7.717520967126e-002
 309    1.158750057220e+000 -7.701996497810e-002
 310    1.162500023842e+000 -7.676334887743e-002
 311    1.166249990463e+000 -7.639594223350e-002
 312    1.169999957085e+000 -7.590917047113e-002
 313    1.173750042915e+000 -7.529520265758e-002
 314    1.177500009537e+000 -7.454681817442e-002
 315    1.181249976158e+000 -7.365729957819e-002
 316    1.184999942780e+000 -7.262034915388e-002
 317    1.188750028610e+000 -7.143013786525e-002
 318    1.192499995232e+000 -7.008140765131e-002
 319    1.196249961853e+000 -6.856963921338e-002
 320    1.200000047684e+000 -6.689140528440e-002
 321    1.203750014305e+000 -6.504473447800e-002
 322    1.207499980927e+000 -6.302956596017e-002
 323    1.211249947548e+000 -6.084819797426e-002
 324    1.215000033379e+000 -5.850576160476e-002
 325    1.218750000000e+000 -5.601059900597e-002
 326    1.222499966621e+000 -5.337451079860e-002
 327    1.226250052452e+000 -5.061290379614e-002
 328    1.230000019073e+000 -4.774471886456e-002
 329    1.233749985695e+000 -4.479218067601e-002
 330    1.237499952316e+000 -4.178033467382e-002
 331    1.241250038147e+000 -3.873638557270e-002
 332    1.245000004768e+000 -3.568889720365e-002
 333    1.248749971390e+000 -3.266681924462e-002
 334    1.252500057220e+000 -2.969847975299e-002
 335    1.256250023842e+000 -2.681053560227e-002
 336    1.259999990463e+000 -2.402694946155e-002
 337    1.263749957085e+000 -2.136808853596e-002
 338    1.267500042915e+000 -1.884994236752e-002
 339    1.271250009537e+000 -1.648354367353e-002
 340    1.274999976158e+000 -1.427460129373e-002
 341    1.278749942780e+000 -1.222336464562e-002
 342    1.282500028610e+000 -1.032471645158e-002
 343    1.286249995232e+000 -8.568481509574e-003
 344    1.289999961853e+000 -6.939928294159e-003
 345    1.293750047684e+000 -5.420410097577e-003
 346    1.297500014305e+000 -3.988107703626e-003
 347    1.301249980927e+000 -2.618834439199e-003
 348    1.304999947548e+000 -1.286823574919e-003
 349    1.308750033379e+000  3.451354103163e-005
 350    1.312500000000e+000  1.371914226329e-003
 351    1.316249966621e+000  2.751699833025e-003
 352    1.320000052452e+000  4.199325025547e-003
 353    1.323750019073e+000  5.739046836970e-003
 354    1.327499985695e+000  7.393693150370e-003
 355    1.331249952316e+000  9.184512768206e-003
 356    1.335000038147e+000  1.113106448203e-002
 357    1.338750004768e+000  1.325112133753e-002
 358    1.342499971390e+000  1.556053832406e-002
 359    1.346250057220e+000  1.807306982577e-002
 360    1.350000023842e+000  2.080009688158e-002
 361    1.353749990463e+000  2.375027957372e-002
 362    1.357499957085e+000  2.692910544574e-002
 363    1.361250042915e+000  3.033839480951e-002
 364    1.365000009537e+000  3.397575533018e-002
 365    1.368749976158e+000  3.783408055082e-002
 366    1.372499942780e+000  4.190108594485e-002
 367    1.376250028610e+000  4.615901825950e-002
 368    1.379999995232e+000  5.058452244848e-002
 369    1.383749961853e+000  5.514874920249e-002
 370    1.387500047684e+000  5.981775317341e-002
 371    1.391250014305e+000  6.455317219719e-002
 372    1.394999980927e+000  6.931319780648e-002
 373    1.398749947548e+000  7.405382866040e-002
 374    1.402500033379e+000  7.873036393896e-002
 375    1.406250000000e+000  8.329900689423e-002
 376    1.409999966621e+000  8.771865544841e-002
 377    1.413750052452e+000  9.195260748267e-002
 378    1.417500019073e+000  9.597021855414e-002
 379    1.421249985695e+000  9.974838197231e-002
 380    1.424999952316e+000  1.032727288455e-001
 381    1.428750038147e+000  1.065384917334e-001
 382    1.432500004768e+000  1.095510145649e-001
 383    1.436249971390e+000  1.123257594183e-001
 384    1.440000057220e+000  1.148879984394e-001
 385    1.443750023842e+000  1.172719892859e-001
 386    1.447499990463e+000  1.195198537409e-001
 387    1.451249957085e+000  1.216800829396e-001
 388    1.455000042915e+000  1.238058531657e-001
 389    1.458750009537e+000  1.259531690180e-001
 390    1.462499976158e+000  1.281789724901e-001
 391    1.466249942780e+000  1.305392912030e-001
 392    1.470000028610e+000  1.330875232816e-001
 393    1.473749995232e+000  1.358729300648e-001
 394    1.477499961853e+000  1.389394326508e-001
 395    1.481250047684e+000  1.423246394843e-001
 396    1.485000014305e+000  1.460593322664e-001
 397    1.488749980927e+000  1.501671546698e-001
 398    1.492499947548e+000  1.546646667272e-001
 399    1.496250033379e+000  1.595617012680e-001
 400    1.500000000000e+000  1.648617815971e-001
