 0    0.000000000000e+000  0.000000000000e+000
 1    3.749999916181e-003  7.499889720748e-006
 2    7.499999832362e-003  2.999944252224e-005
 3    1.125000044703e-002  6.749920445145e-005
 4    1.499999966472e-002  1.200016323492e-004
 5    1.875000074506e-002  1.875117057352e-004
 6    2.250000089407e-002  2.700363153417e-004
 7    2.624999918044e-002  3.675819611817e-004
 8    2.999999932945e-002  4.801512345148e-004
 9    3.375000134110e-002  6.077387370169e-004
 10    3.750000149012e-002  7.503278943477e-004
 11    4.125000163913e-002  9.078900064924e-004
 12    4.500000178814e-002  1.080386948888e-003
 13    4.874999821186e-002  1.267778133042e-003
 14    5.249999836087e-002  1.470029936172e-003
 15    5.624999850988e-002  1.687128313351e-003
 16    5.999999865890e-002  1.919088818831e-003
 17    6.374999880791e-002  2.165963612497e-003
 18    6.750000268221e-002  2.427840823075e-003
 19    7.124999910593e-002  2.704834969481e-003
 20    7.500000298023e-002  2.997069315752e-003
 21    7.874999940395e-002  3.304649180500e-003
 22    8.250000327826e-002  3.627634316217e-003
 23    8.624999970198e-002  3.966012625024e-003
 24    9.000000357628e-002  4.319685252849e-003
 25    9.375000000000e-002  4.688463981729e-003
 26    9.749999642372e-002  5.072093934286e-003
 27    1.012500002980e-001  5.470289695077e-003
 28    1.049999967217e-001  5.882797550876e-003
 29    1.087500005960e-001  6.309460313059e-003
 30    1.124999970198e-001  6.750284286682e-003
 31    1.162500008941e-001  7.205494346563e-003
 32    1.199999973178e-001  7.675555062015e-003
 33    1.237500011921e-001  8.161156992428e-003
 34    1.274999976158e-001  8.663153243251e-003
 35    1.312499940395e-001  9.182452214882e-003
 36    1.350000053644e-001  9.719867683016e-003
 37    1.387500017881e-001  1.027595120948e-002
 38    1.424999982119e-001  1.085082139820e-002
 39    1.462499946356e-001  1.144401943311e-002
 40    1.500000059605e-001  1.205442092381e-002
 41    1.537500023842e-001  1.268022452947e-002
 42    1.574999988079e-001  1.331903491169e-002
 43    1.612499952316e-001  1.396804061718e-002
 44    1.650000065565e-001  1.462428857107e-002
 45    1.687500029802e-001  1.528501888737e-002
 46    1.724999994040e-001  1.594803760760e-002
 47    1.762499958277e-001  1.661207751371e-002
 48    1.800000071526e-001  1.727709853090e-002
 49    1.837500035763e-001  1.794450252317e-002
 50    1.875000000000e-001  1.861719444394e-002
 51    1.912499964237e-001  1.929949102923e-002
 52    1.949999928474e-001  1.999687771313e-002
 53    1.987500041723e-001  2.071560531855e-002
 54    2.025000005960e-001  2.146217942238e-002
 55    2.062499970198e-001  2.224278682843e-002
 56    2.099999934435e-001  2.306271430105e-002
 57    2.137500047684e-001  2.392582375556e-002
 58    2.175000011921e-001  2.483412965201e-002
 59    2.212499976158e-001  2.578755616210e-002
 60    2.249999940395e-001  2.678385164589e-002
 61    2.287500053644e-001  2.781871848740e-002
 62    2.325000017881e-001  2.888610808179e-002
 63    2.362499982119e-001  2.997865646146e-002
 64    2.399999946356e-001  3.108823056333e-002
 65    2.437500059605e-001  3.220649849623e-002
 66    2.475000023842e-001  3.332548512146e-002
 67    2.512499988079e-001  3.443805523217e-002
 68    2.549999952316e-001  3.553828768432e-002
 69    2.587499916553e-001  3.662170799449e-002
 70    2.624999880791e-001  3.768537227064e-002
 71    2.662500143051e-001  3.872785510495e-002
 72    2.700000107288e-001  3.974908592179e-002
 73    2.737500071526e-001  4.075018087402e-002
 74    2.775000035763e-001  4.173320181668e-002
 75    2.812500000000e-001  4.270097257569e-002
 76    2.849999964237e-001  4.365693941712e-002
 77    2.887499928474e-001  4.460508754477e-002
 78    2.924999892712e-001  4.554996648803e-002
 79    2.962499856949e-001  4.649676846340e-002
 80    3.000000119209e-001  4.745149886236e-002
 81    3.037500083447e-001  4.842113094404e-002
 82    3.075000047684e-001  4.941381644458e-002
 83    3.112500011921e-001  5.043903714046e-002
 84    3.149999976158e-001  5.150771971792e-002
 85    3.187499940395e-001  5.263229658827e-002
 86    3.224999904633e-001  5.382667077705e-002
 87    3.262499868870e-001  5.510611943901e-002
 88    3.300000131130e-001  5.648715406656e-002
 89    3.337500095367e-001  5.798727715388e-002
 90    3.375000059605e-001  5.962476624176e-002
 91    3.412500023842e-001  6.141835808754e-002
 92    3.449999988079e-001  6.338697571307e-002
 93    3.487499952316e-001  6.554939694703e-002
 94    3.524999916553e-001  6.792391095310e-002
 95    3.562499880791e-001  7.052796225995e-002
 96    3.600000143051e-001  7.337775129825e-002
 97    3.637500107288e-001  7.648779638112e-002
 98    3.675000071526e-001  7.987047608942e-002
 99    3.712500035763e-001  8.353554476053e-002
 100    3.750000000000e-001  8.748958971351e-002
 101    3.787499964237e-001  9.173559106886e-002
 102    3.824999928474e-001  9.627243965864e-002
 103    3.862499892712e-001  1.010945709795e-001
 104    3.899999856949e-001  1.061917307228e-001
 105    3.937500119209e-001  1.115488307551e-001
 106    3.975000083447e-001  1.171460333839e-001
 107    4.012500047684e-001  1.229589901119e-001
 108    4.050000011921e-001  1.289592805505e-001
 109    4.087499976158e-001  1.351150201261e-001
 110    4.124999940395e-001  1.413916701078e-001
 111    4.162499904633e-001  1.477528942376e-001
 112    4.199999868870e-001  1.541616337746e-001
 113    4.237500131130e-001  1.605810693651e-001
 114    4.275000095367e-001  1.669757369161e-001
 115    4.312500059605e-001  1.733124757558e-001
 116    4.350000023842e-001  1.795613695681e-001
 117    4.387499988079e-001  1.856964813918e-001
 118    4.424999952316e-001  1.916965501755e-001
 119    4.462499916553e-001  1.975453021377e-001
 120    4.499999880791e-001  2.032317952812e-001
 121    4.537500143051e-001  2.087504010648e-001
 122    4.575000107288e-001  2.141005638242e-001
 123    4.612500071526e-001  2.192865402251e-001
 124    4.650000035763e-001  2.243167766184e-001
 125    4.687500000000e-001  2.292032520473e-001
 126    4.724999964237e-001  2.339607284963e-001
 127    4.762499928474e-001  2.386059069633e-001
 128    4.799999892712e-001  2.431566645205e-001
 129    4.837499856949e-001  2.476312356442e-001
 130    4.875000119209e-001  2.520476626605e-001
 131    4.912500083447e-001  2.564232608676e-001
 132    4.950000047684e-001  2.607743234932e-001
 133    4.987500011921e-001  2.651161317527e-001
 134    5.024999976158e-001  2.694628845155e-001
 135    5.062500238419e-001  2.738282175362e-001
 136    5.099999904633e-001  2.782254740596e-001
 137    5.137500166893e-001  2.826684007049e-001
 138    5.174999833107e-001  2.871715338528e-001
 139    5.212500095367e-001  2.917509806156e-001
 140    5.249999761581e-001  2.964247196913e-001
 141    5.287500023842e-001  3.012129190564e-001
 142    5.325000286102e-001  3.061381042004e-001
 143    5.362499952316e-001  3.112249352038e-001
 144    5.400000214577e-001  3.164999650419e-001
 145    5.437499880791e-001  3.219909851253e-001
 146    5.475000143051e-001  3.277262853086e-001
 147    5.512499809265e-001  3.337338316441e-001
 148    5.550000071526e-001  3.400402222574e-001
 149    5.587499737740e-001  3.466698588431e-001
 150    5.625000000000e-001  3.536439865828e-001
 151    5.662500262260e-001  3.609799142182e-001
 152    5.699999928474e-001  3.686905287206e-001
 153    5.737500190735e-001  3.767838853598e-001
 154    5.774999856949e-001  3.852629914880e-001
 155    5.812500119209e-001  3.941260549426e-001
 156    5.849999785423e-001  4.033664777875e-001
 157    5.887500047684e-001  4.129734420776e-001
 158    5.924999713898e-001  4.229323355854e-001
 159    5.962499976158e-001  4.332252222300e-001
 160    6.000000238419e-001  4.438314710557e-001
 161    6.037499904633e-001  4.547280642390e-001
 162    6.075000166893e-001  4.658900655806e-001
 163    6.112499833107e-001  4.772908112407e-001
 164    6.150000095367e-001  4.889021259546e-001
 165    6.187499761581e-001  5.006943148375e-001
 166    6.225000023842e-001  5.126362469792e-001
 167    6.262500286102e-001  5.246952083707e-001
 168    6.299999952316e-001  5.368372118473e-001
 169    6.337500214577e-001  5.490266659856e-001
 170    6.374999880791e-001  5.612270247936e-001
 171    6.412500143051e-001  5.734008261561e-001
 172    6.449999809265e-001  5.855103674531e-001
 173    6.487500071526e-001  5.975183841586e-001
 174    6.524999737740e-001  6.093883717060e-001
 175    6.562500000000e-001  6.210859513283e-001
 176    6.600000262260e-001  6.325792601705e-001
 177    6.637499928474e-001  6.438397067785e-001
 178    6.675000190735e-001  6.548426678777e-001
 179    6.712499856949e-001  6.655677142739e-001
 180    6.750000119209e-001  6.759989607334e-001
 181    6.787499785423e-001  6.861246901751e-001
 182    6.825000047684e-001  6.959372711182e-001
 183    6.862499713898e-001  7.054324272275e-001
 184    6.899999976158e-001  7.146083810925e-001
 185    6.937500238419e-001  7.234651026130e-001
 186    6.974999904633e-001  7.320031067729e-001
 187    7.012500166893e-001  7.402226415277e-001
 188    7.049999833107e-001  7.481227391958e-001
 189    7.087500095367e-001  7.557003477216e-001
 190    7.124999761581e-001  7.629498231411e-001
 191    7.162500023842e-001  7.698625394702e-001
 192    7.200000286102e-001  7.764266636968e-001
 193    7.237499952316e-001  7.826272740960e-001
 194    7.275000214577e-001  7.884464898705e-001
 195    7.312499880791e-001  7.938640478253e-001
 196    7.350000143051e-001  7.988575762510e-001
 197    7.387499809265e-001  8.034034714103e-001
 198    7.425000071526e-001  8.074772185087e-001
 199    7.462499737740e-001  8.110543403029e-001
 200    7.500000000000e-001  8.141105988622e-001
 201    7.537500262260e-001  8.166230422258e-001
 202    7.574999928474e-001  8.185702100396e-001
 203    7.612500190735e-001  8.199326333404e-001
 204    7.649999856949e-001  8.206933948398e-001
 205    7.687500119209e-001  8.208383932710e-001
 206    7.724999785423e-001  8.203566730022e-001
 207    7.762500047684e-001  8.192408931255e-001
 208    7.799999713898e-001  8.174873533845e-001
 209    7.837499976158e-001  8.150963786244e-001
 210    7.875000238419e-001  8.120724073052e-001
 211    7.912499904633e-001  8.084240731597e-001
 212    7.950000166893e-001  8.041643109918e-001
 213    7.987499833107e-001  7.993102586269e-001
 214    8.025000095367e-001  7.938829609752e-001
 215    8.062499761581e-001  7.879071903229e-001
 216    8.100000023842e-001  7.814111772180e-001
 217    8.137500286102e-001  7.744257897139e-001
 218    8.174999952316e-001  7.669842460752e-001
 219    8.212500214577e-001  7.591212698817e-001
 220    8.249999880791e-001  7.508724182844e-001
 221    8.287500143051e-001  7.422732362151e-001
 222    8.324999809265e-001  7.333586412668e-001
 223    8.362500071526e-001  7.241619154811e-001
 224    8.399999737740e-001  7.147144237161e-001
 225    8.437500000000e-001  7.050444728136e-001
 226    8.475000262260e-001  6.951775172353e-001
 227    8.512499928474e-001  6.851352027059e-001
 228    8.550000190735e-001  6.749355709553e-001
 229    8.587499856949e-001  6.645928856730e-001
 230    8.625000119209e-001  6.541178122163e-001
 231    8.662499785423e-001  6.435175117850e-001
 232    8.700000047684e-001  6.327963304520e-001
 233    8.737499713898e-001  6.219559058547e-001
 234    8.774999976158e-001  6.109958514571e-001
 235    8.812500238419e-001  5.999144494534e-001
 236    8.849999904633e-001  5.887088853121e-001
 237    8.887500166893e-001  5.773761329055e-001
 238    8.924999833107e-001  5.659133523703e-001
 239    8.962500095367e-001  5.543182227015e-001
 240    8.999999761581e-001  5.425895404816e-001
 241    9.037500023842e-001  5.307275313139e-001
 242    9.075000286102e-001  5.187338671088e-001
 243    9.112499952316e-001  5.066122634709e-001
 244    9.150000214577e-001  4.943682341278e-001
 245    9.187499880791e-001  4.820094302297e-001
 246    9.225000143051e-001  4.695455221832e-001
 247    9.262499809265e-001  4.569881290197e-001
 248    9.300000071526e-001  4.443508991599e-001
 249    9.337499737740e-001  4.316491807997e-001
 250    9.375000000000e-001  4.188998873532e-001
 251    9.412500262260e-001  4.061212447286e-001
 252    9.449999928474e-001  3.933325198293e-001
 253    9.487500190735e-001  3.805536058545e-001
 254    9.524999856949e-001  3.678046441078e-001
 255    9.562500119209e-001  3.551056304574e-001
 256    9.599999785423e-001  3.424759732187e-001
 257    9.637500047684e-001  3.299340572953e-001
 258    9.674999713898e-001  3.174968318641e-001
 259    9.712499976158e-001  3.051794388890e-001
 260    9.750000238419e-001  2.929950165749e-001
 261    9.787499904633e-001  2.809543879330e-001
 262    9.825000166893e-001  2.690660098195e-001
 263    9.862499833107e-001  2.573359286785e-001
 264    9.900000095367e-001  2.457679837942e-001
 265    9.937499761581e-001  2.343638850749e-001
 266    9.975000023842e-001  2.231236087531e-001
 267    1.001250028610e+000  2.120457003266e-001
 268    1.004999995232e+000  2.011276961863e-001
 269    1.008749961853e+000  1.903665630519e-001
 270    1.012500047684e+000  1.797591354698e-001
 271    1.016250014305e+000  1.693024653941e-001
 272    1.019999980927e+000  1.589942455292e-001
 273    1.023749947548e+000  1.488329525292e-001
 274    1.027500033379e+000  1.388181994855e-001
 275    1.031250000000e+000  1.289507164806e-001
 276    1.034999966621e+000  1.192324058712e-001
 277    1.038750052452e+000  1.096662750468e-001
 278    1.042500019073e+000  1.002562997490e-001
 279    1.046249985695e+000  9.100719105452e-002
 280    1.049999952316e+000  8.192418336868e-002
 281    1.053750038147e+000  7.301274757832e-002
 282    1.057500004768e+000  6.427830938250e-002
 283    1.061249971390e+000  5.572597973049e-002
 284    1.065000057220e+000  4.736031241715e-002
 285    1.068750023842e+000  3.918506851420e-002
 286    1.072499990463e+000  3.120304230601e-002
 287    1.076249957085e+000  2.341594289988e-002
 288    1.080000042915e+000  1.582428958267e-002
 289    1.083750009537e+000  8.427368625998e-003
 290    1.087499976158e+000  1.223237649538e-003
 291    1.091249942780e+000 -5.791262377752e-003
 292    1.095000028610e+000 -1.262044616509e-002
 293    1.098749995232e+000 -1.926972552203e-002
 294    1.102499961853e+000 -2.574553909479e-002
 295    1.106250047684e+000 -3.205527783488e-002
 296    1.110000014305e+000 -3.820723557379e-002
 297    1.113749980927e+000 -4.421055936255e-002
 298    1.117499947548e+000 -5.007520083338e-002
 299    1.121250033379e+000 -5.581191047095e-002
 300    1.125000000000e+000 -6.143220476806e-002
 301    1.128749966621e+000 -6.694832880050e-002
 302    1.132500052452e+000 -7.237321406603e-002
 303    1.136250019073e+000 -7.772038327530e-002
 304    1.139999985695e+000 -8.300382655114e-002
 305    1.143749952316e+000 -8.823777914047e-002
 306    1.147500038147e+000 -9.343646861613e-002
 307    1.151250004768e+000 -9.861376482993e-002
 308    1.154999971390e+000 -1.037827464938e-001
 309    1.158750057220e+000 -1.089552302286e-001
 310    1.162500023842e+000 -1.141412359476e-001
 311    1.166249990463e+000 -1.193484750763e-001
 312    1.169999957085e+000 -1.245817974582e-001
 313    1.173750042915e+000 -1.298427215219e-001
 314    1.177500009537e+000 -1.351291378215e-001
 315    1.181249976158e+000 -1.404349788278e-001
 316    1.184999942780e+000 -1.457502957433e-001
 317    1.188750028610e+000 -1.510612800717e-001
 318    1.192499995232e+000 -1.563507253677e-001
 319    1.196249961853e+000 -1.615985094011e-001
 320    1.200000047684e+000 -1.667824414372e-001
 321    1.203750014305e+000 -1.718791078031e-001
 322    1.207499980927e+000 -1.768649887294e-001
 323    1.211249947548e+000 -1.817175165564e-001
 324    1.215000033379e+000 -1.864161353558e-001
 325    1.218750000000e+000 -1.909433872253e-001
 326    1.222499966621e+000 -1.952857448161e-001
 327    1.226250052452e+000 -1.994342653453e-001
 328    1.230000019073e+000 -2.033849812299e-001
 329    1.233749985695e+000 -2.071390920132e-001
 330    1.237499952316e+000 -2.107027900964e-001
 331    1.241250038147e+000 -2.140867488831e-001
 332    1.245000004768e+000 -2.173055311292e-001
 333    1.248749971390e+000 -2.203766628355e-001
 334    1.252500057220e+000 -2.233196139336e-001
 335    1.256250023842e+000 -2.261546801776e-001
 336    1.259999990463e+000 -2.289019967616e-001
 337    1.263749957085e+000 -2.315804444999e-001
 338    1.267500042915e+000 -2.342069164664e-001
 339    1.271250009537e+000 -2.367956233025e-001
 340    1.274999976158e+000 -2.393577152491e-001
 341    1.278749942780e+000 -2.419011768699e-001
 342    1.282500028610e+000 -2.444308823347e-001
 343    1.286249995232e+000 -2.469489873201e-001
 344    1.289999961853e+000 -2.494553966075e-001
 345    1.293750047684e+000 -2.519484268129e-001
 346    1.297500014305e+000 -2.544255234301e-001
 347    1.301249980927e+000 -2.568838829547e-001
 348    1.304999947548e+000 -2.593211363256e-001
 349    1.308750033379e+000 -2.617357658595e-001
 350    1.312500000000e+000 -2.641274020821e-001
 351    1.316249966621e+000 -2.664969122410e-001
 352    1.320000052452e+000 -2.688462713361e-001
 353    1.323750019073e+000 -2.711782467365e-001
 354    1.327499985695e+000 -2.734957735240e-001
 355    1.331249952316e+000 -2.758015309274e-001
 356    1.335000038147e+000 -2.780970096588e-001
 357    1.338750004768e+000 -2.803820376098e-001
 358    1.342499971390e+000 -2.826541551948e-001
 359    1.346250057220e+000 -2.849080406129e-001
 360    1.350000023842e+000 -2.871354478598e-001
 361    1.353749990463e+000 -2.893250913918e-001
 362    1.357499957085e+000 -2.914629176259e-001
 363    1.361250042915e+000 -2.935325883329e-001
 364    1.365000009537e+000 -2.955163057148e-001
 365    1.368749976158e+000 -2.973955029249e-001
 366    1.372499942780e+000 -2.991519410908e-001
 367    1.376250028610e+000 -3.007687246799e-001
 368    1.379999995232e+000 -3.022312274575e-001
 369    1.383749961853e+000 -3.035278367996e-001
 370    1.387500047684e+000 -3.046506595612e-001
 371    1.391250014305e+000 -3.055958478153e-001
 372    1.394999980927e+000 -3.063636420667e-001
 373    1.398749947548e+000 -3.069580112398e-001
 374    1.402500033379e+000 -3.073863047361e-001
 375    1.406250000000e+000 -3.076583623886e-001
 376    1.409999966621e+000 -3.077854678035e-001
 377    1.413750052452e+000 -3.077794194221e-001
 378    1.417500019073e+000 -3.076513363421e-001
 379    1.421249985695e+000 -3.074107097089e-001
 380    1.424999952316e+000 -3.070644392073e-001
 381    1.428750038147e+000 -3.066163092852e-001
 382    1.432500004768e+000 -3.060665807128e-001
 383    1.436249971390e+000 -3.054120843112e-001
 384    1.440000057220e+000 -3.046464531124e-001
 385    1.443750023842e+000 -3.037609124184e-001
 386    1.447499990463e+000 -3.027450890839e-001
 387    1.451249957085e+000 -3.015882816911e-001
 388    1.455000042915e+000 -3.002805542946e-001
 389    1.458750009537e+000 -2.988142439723e-001
 390    1.462499976158e+000 -2.971851228178e-001
 391    1.466249942780e+000 -2.953933201730e-001
 392    1.470000028610e+000 -2.934442947805e-001
 393    1.473749995232e+000 -2.913492634892e-001
 394    1.477499961853e+000 -2.891252742708e-001
 395    1.481250047684e+000 -2.867949707806e-001
 396    1.485000014305e+000 -2.843859685957e-001
 397    1.488749980927e+000 -2.819299128652e-001
 398    1.492499947548e+000 -2.794611798227e-001
 399    1.496250033379e+000 -2.770155283809e-001
 400    1.500000000000e+000 -2.746284532547e-001