0    0.000000000000e+000  0.000000000000e+000
 1    3.749999916181e-003  3.749999916181e-003
 2    7.499999832362e-003  7.499999832362e-003
 3    1.125000044703e-002  1.124999951571e-002
 4    1.499999966472e-002  1.499999966472e-002
 5    1.875000074506e-002  1.874999888241e-002
 6    2.250000089407e-002  2.249999716878e-002
 7    2.624999918044e-002  2.624998986721e-002
 8    2.999999932945e-002  2.999997565523e-002
 9    3.375000134110e-002  3.374994041398e-002
 10    3.750000149012e-002  3.749987194315e-002
 11    4.125000163913e-002  4.124973161146e-002
 12    4.500000178814e-002  4.499948516488e-002
 13    4.874999821186e-002  4.874905942008e-002
 14    5.249999836087e-002  5.249836340547e-002
 15    5.624999850988e-002  5.624728620052e-002
 16    5.999999865890e-002  5.999569404870e-002
 17    6.374999880791e-002  6.374343372881e-002
 18    6.750000268221e-002  6.749037124217e-002
 19    7.124999910593e-002  7.123638484627e-002
 20    7.500000298023e-002  7.498142622411e-002
 21    7.874999940395e-002  7.872555088252e-002
 22    8.250000327826e-002  8.246893834323e-002
 23    8.624999970198e-002  8.621194526553e-002
 24    9.000000357628e-002  8.995512742549e-002
 25    9.375000000000e-002  9.369922567159e-002
 26    9.749999642372e-002  9.744516868144e-002
 27    1.012500002980e-001  1.011939877644e-001
 28    1.049999967217e-001  1.049467817694e-001
 29    1.087500005960e-001  1.087045338377e-001
 30    1.124999970198e-001  1.124680414423e-001
 31    1.162500008941e-001  1.162377063558e-001
 32    1.199999973178e-001  1.200134317577e-001
 33    1.237500011921e-001  1.237945071235e-001
 34    1.274999976158e-001  1.275795093179e-001
 35    1.312499940395e-001  1.313663277030e-001
 36    1.350000053644e-001  1.351522685587e-001
 37    1.387500017881e-001  1.389341949672e-001
 38    1.424999982119e-001  1.427087712288e-001
 39    1.462499946356e-001  1.464728291333e-001
 40    1.500000059605e-001  1.502237073332e-001
 41    1.537500023842e-001  1.539596337080e-001
 42    1.574999988079e-001  1.576800058782e-001
 43    1.612499952316e-001  1.613856618106e-001
 44    1.650000065565e-001  1.650790074468e-001
 45    1.687500029802e-001  1.687638787925e-001
 46    1.724999994040e-001  1.724454327673e-001
 47    1.762499958277e-001  1.761296098679e-001
 48    1.800000071526e-001  1.798227015138e-001
 49    1.837500035763e-001  1.835306245089e-001
 50    1.875000000000e-001  1.872583436966e-001
 51    1.912499964237e-001  1.910091391951e-001
 52    1.949999928474e-001  1.947841405869e-001
 53    1.987500041723e-001  1.985820634663e-001
 54    2.025000005960e-001  2.023991094530e-001
 55    2.062499970198e-001  2.062291678041e-001
 56    2.099999934435e-001  2.100643758476e-001
 57    2.137500047684e-001  2.138957705349e-001
 58    2.175000011921e-001  2.177142894268e-001
 59    2.212499976158e-001  2.215116592497e-001
 60    2.249999940395e-001  2.252814456820e-001
 61    2.287500053644e-001  2.290197220445e-001
 62    2.325000017881e-001  2.327257088572e-001
 63    2.362499982119e-001  2.364019123465e-001
 64    2.399999946356e-001  2.400540098548e-001
 65    2.437500059605e-001  2.436902817339e-001
 66    2.475000023842e-001  2.473207673430e-001
 67    2.512499988079e-001  2.509562239051e-001
 68    2.549999952316e-001  2.546069020033e-001
 69    2.587499916553e-001  2.582814630866e-001
 70    2.624999880791e-001  2.619859476388e-001
 71    2.662500143051e-001  2.657231353223e-001
 72    2.700000107288e-001  2.694922007620e-001
 73    2.737500071526e-001  2.732889157534e-001
 74    2.775000035763e-001  2.771061250567e-001
 75    2.812500000000e-001  2.809346331656e-001
 76    2.849999964237e-001  2.847643852234e-001
 77    2.887499928474e-001  2.885856124759e-001
 78    2.924999892712e-001  2.923901228607e-001
 79    2.962499856949e-001  2.961720235646e-001
 80    3.000000119209e-001  2.999286511540e-001
 81    3.037500083447e-001  3.036604386568e-001
 82    3.075000047684e-001  3.073709487915e-001
 83    3.112500011921e-001  3.110660724342e-001
 84    3.149999976158e-001  3.147531068325e-001
 85    3.187499940395e-001  3.184397284687e-001
 86    3.224999904633e-001  3.221327131987e-001
 87    3.262499868870e-001  3.258371007442e-001
 88    3.300000131130e-001  3.295553444326e-001
 89    3.337500095367e-001  3.332870557904e-001
 90    3.375000059605e-001  3.370290553570e-001
 91    3.412500023842e-001  3.407758396864e-001
 92    3.449999988079e-001  3.445203608274e-001
 93    3.487499952316e-001  3.482551950216e-001
 94    3.524999916553e-001  3.519735707343e-001
 95    3.562499880791e-001  3.556703159213e-001
 96    3.600000143051e-001  3.593427322805e-001
 97    3.637500107288e-001  3.629909932613e-001
 98    3.675000071526e-001  3.666180874407e-001
 99    3.712500035763e-001  3.702293865383e-001
 100    3.750000000000e-001  3.738319034874e-001
 101    3.787499964237e-001  3.774331885576e-001
 102    3.824999928474e-001  3.810402269661e-001
 103    3.862499892712e-001  3.846583695710e-001
 104    3.899999856949e-001  3.882904332876e-001
 105    3.937500119209e-001  3.919362401962e-001
 106    3.975000083447e-001  3.955924676359e-001
 107    4.012500047684e-001  3.992529360950e-001
 108    4.050000011921e-001  4.029094161093e-001
 109    4.087499976158e-001  4.065524303913e-001
 110    4.124999940395e-001  4.101726397872e-001
 111    4.162499904633e-001  4.137617011368e-001
 112    4.199999868870e-001  4.173135407269e-001
 113    4.237500131130e-001  4.208248689771e-001
 114    4.275000095367e-001  4.242956003547e-001
 115    4.312500059605e-001  4.277287667990e-001
 116    4.350000023842e-001  4.311299765110e-001
 117    4.387499988079e-001  4.345067539811e-001
 118    4.424999952316e-001  4.378674875200e-001
 119    4.462499916553e-001  4.412203651667e-001
 120    4.499999880791e-001  4.445724885166e-001
 121    4.537500143051e-001  4.479290120304e-001
 122    4.575000107288e-001  4.512927365303e-001
 123    4.612500071526e-001  4.546639545262e-001
 124    4.650000035763e-001  4.580406829715e-001
 125    4.687500000000e-001  4.614190790057e-001
 126    4.724999964237e-001  4.647941677272e-001
 127    4.762499928474e-001  4.681606423855e-001
 128    4.799999892712e-001  4.715135656297e-001
 129    4.837499856949e-001  4.748490418494e-001
 130    4.875000119209e-001  4.781647385657e-001
 131    4.912500083447e-001  4.814598633349e-001
 132    4.950000047684e-001  4.847353976965e-001
 133    4.987500011921e-001  4.879935175180e-001
 134    5.024999976158e-001  4.912372891605e-001
 135    5.062500238419e-001  4.944700042903e-001
 136    5.099999904633e-001  4.976945531368e-001
 137    5.137500166893e-001  5.009129683673e-001
 138    5.174999833107e-001  5.041258911788e-001
 139    5.212500095367e-001  5.073324944079e-001
 140    5.249999761581e-001  5.105302302539e-001
 141    5.287500023842e-001  5.137152224779e-001
 142    5.325000286102e-001  5.168824169040e-001
 143    5.362499952316e-001  5.200263157487e-001
 144    5.400000214577e-001  5.231411641836e-001
 145    5.437499880791e-001  5.262217792869e-001
 146    5.475000143051e-001  5.292640095949e-001
 147    5.512499809265e-001  5.322651377320e-001
 148    5.550000071526e-001  5.352241486311e-001
 149    5.587499737740e-001  5.381417900324e-001
 150    5.625000000000e-001  5.410204783082e-001
 151    5.662500262260e-001  5.438641369343e-001
 152    5.699999928474e-001  5.466776332259e-001
 153    5.737500190735e-001  5.494663083553e-001
 154    5.774999856949e-001  5.522352305055e-001
 155    5.812500119209e-001  5.549884951115e-001
 156    5.849999785423e-001  5.577287548780e-001
 157    5.887500047684e-001  5.604565066099e-001
 158    5.924999713898e-001  5.631697547436e-001
 159    5.962499976158e-001  5.658638951182e-001
 160    6.000000238419e-001  5.685318523645e-001
 161    6.037499904633e-001  5.711643528938e-001
 162    6.075000166893e-001  5.737505391240e-001
 163    6.112499833107e-001  5.762789565325e-001
 164    6.150000095367e-001  5.787385946512e-001
 165    6.187499761581e-001  5.811195829511e-001
 166    6.225000023842e-001  5.834147575498e-001
 167    6.262500286102e-001  5.856198659539e-001
 168    6.299999952316e-001  5.877346041799e-001
 169    6.337500214577e-001  5.897625273466e-001
 170    6.374999880791e-001  5.917109429836e-001
 171    6.412500143051e-001  5.935902920365e-001
 172    6.449999809265e-001  5.954133039713e-001
 173    6.487500071526e-001  5.971936395764e-001
 174    6.524999737740e-001  5.989447000623e-001
 175    6.562500000000e-001  6.006784236431e-001
 176    6.600000262260e-001  6.024041330814e-001
 177    6.637499928474e-001  6.041275149584e-001
 178    6.675000190735e-001  6.058505129814e-001
 179    6.712499856949e-001  6.075711145997e-001
 180    6.750000119209e-001  6.092838144302e-001
 181    6.787499785423e-001  6.109802553058e-001
 182    6.825000047684e-001  6.126504558325e-001
 183    6.862499713898e-001  6.142836177349e-001
 184    6.899999976158e-001  6.158695244789e-001
 185    6.937500238419e-001  6.173991054296e-001
 186    6.974999904633e-001  6.188655671477e-001
 187    7.012500166893e-001  6.202642530203e-001
 188    7.049999833107e-001  6.215929979086e-001
 189    7.087500095367e-001  6.228514936566e-001
 190    7.124999761581e-001  6.240409699082e-001
 191    7.162500023842e-001  6.251632425189e-001
 192    7.200000286102e-001  6.262201598287e-001
 193    7.237499952316e-001  6.272129759192e-001
 194    7.275000214577e-001  6.281417307258e-001
 195    7.312499880791e-001  6.290052548051e-001
 196    7.350000143051e-001  6.298010915518e-001
 197    7.387499809265e-001  6.305258721113e-001
 198    7.425000071526e-001  6.311754375696e-001
 199    7.462499737740e-001  6.317456963658e-001
 200    7.500000000000e-001  6.322326359153e-001
 201    7.537500262260e-001  6.326327532530e-001
 202    7.574999928474e-001  6.329431059957e-001
 203    7.612500190735e-001  6.331611922383e-001
 204    7.649999856949e-001  6.332846447825e-001
 205    7.687500119209e-001  6.333107784390e-001
 206    7.724999785423e-001  6.332360064983e-001
 207    7.762500047684e-001  6.330555984378e-001
 208    7.799999713898e-001  6.327633991838e-001
 209    7.837499976158e-001  6.323518338799e-001
 210    7.875000238419e-001  6.318119683862e-001
 211    7.912499904633e-001  6.311343714595e-001
 212    7.950000166893e-001  6.303095588088e-001
 213    7.987499833107e-001  6.293289437890e-001
 214    8.025000095367e-001  6.281856361032e-001
 215    8.062499761581e-001  6.268751186132e-001
 216    8.100000023842e-001  6.253958019614e-001
 217    8.137500286102e-001  6.237489688396e-001
 218    8.174999952316e-001  6.219386702776e-001
 219    8.212500214577e-001  6.199708721042e-001
 220    8.249999880791e-001  6.178529512882e-001
 221    8.287500143051e-001  6.155921849608e-001
 222    8.324999809265e-001  6.131949910522e-001
 223    8.362500071526e-001  6.106656777859e-001
 224    8.399999737740e-001  6.080059283972e-001
 225    8.437500000000e-001  6.052141946554e-001
 226    8.475000262260e-001  6.022858554125e-001
 227    8.512499928474e-001  5.992136779428e-001
 228    8.550000190735e-001  5.959886589646e-001
 229    8.587499856949e-001  5.926009973884e-001
 230    8.625000119209e-001  5.890415158868e-001
 231    8.662499785423e-001  5.853028047085e-001
 232    8.700000047684e-001  5.813803568482e-001
 233    8.737499713898e-001  5.772731399536e-001
 234    8.774999976158e-001  5.729843816161e-001
 235    8.812500238419e-001  5.685211214423e-001
 236    8.849999904633e-001  5.638938391209e-001
 237    8.887500166893e-001  5.591158449650e-001
 238    8.924999833107e-001  5.542017343640e-001
 239    8.962500095367e-001  5.491664698720e-001
 240    8.999999761581e-001  5.440240629017e-001
 241    9.037500023842e-001  5.387862795591e-001
 242    9.075000286102e-001  5.334619192779e-001
 243    9.112499952316e-001  5.280561742187e-001
 244    9.150000214577e-001  5.225706076622e-001
 245    9.187499880791e-001  5.170030550659e-001
 246    9.225000143051e-001  5.113483493030e-001
 247    9.262499809265e-001  5.055990636349e-001
 248    9.300000071526e-001  4.997462706268e-001
 249    9.337499737740e-001  4.937806503475e-001
 250    9.375000000000e-001  4.876934933662e-001
 251    9.412500262260e-001  4.814774782956e-001
 252    9.449999928474e-001  4.751273398101e-001
 253    9.487500190735e-001  4.686404226720e-001
 254    9.524999856949e-001  4.620168206096e-001
 255    9.562500119209e-001  4.552594262362e-001
 256    9.599999785423e-001  4.483736883104e-001
 257    9.637500047684e-001  4.413671998680e-001
 258    9.674999713898e-001  4.342492248118e-001
 259    9.712499976158e-001  4.270301601291e-001
 260    9.750000238419e-001  4.197207477689e-001
 261    9.787499904633e-001  4.123317267001e-001
 262    9.825000166893e-001  4.048730573058e-001
 263    9.862499833107e-001  3.973536157608e-001
 264    9.900000095367e-001  3.897807365656e-001
 265    9.937499761581e-001  3.821600669622e-001
 266    9.975000023842e-001  3.744953420758e-001
 267    1.001250028610e+000  3.667884209752e-001
 268    1.004999995232e+000  3.590394447744e-001
 269    1.008749961853e+000  3.512469491363e-001
 270    1.012500047684e+000  3.434082727134e-001
 271    1.016250014305e+000  3.355198238790e-001
 272    1.019999980927e+000  3.275776194036e-001
 273    1.023749947548e+000  3.195776006579e-001
 274    1.027500033379e+000  3.115161977708e-001
 275    1.031250000000e+000  3.033907015622e-001
 276    1.034999966621e+000  2.951997017860e-001
 277    1.038750052452e+000  2.869432495534e-001
 278    1.042500019073e+000  2.786232931912e-001
 279    1.046249985695e+000  2.702435782552e-001
 280    1.049999952316e+000  2.618097561598e-001
 281    1.053750038147e+000  2.533291900158e-001
 282    1.057500004768e+000  2.448108498752e-001
 283    1.061249971390e+000  2.362648405880e-001
 284    1.065000057220e+000  2.277020844072e-001
 285    1.068750023842e+000  2.191339761764e-001
 286    1.072499990463e+000  2.105717442185e-001
 287    1.076249957085e+000  2.020262295008e-001
 288    1.080000042915e+000  1.935073962063e-001
 289    1.083750009537e+000  1.850239792466e-001
 290    1.087499976158e+000  1.765834011137e-001
 291    1.091249942780e+000  1.681914556772e-001
 292    1.095000028610e+000  1.598524427414e-001
 293    1.098749995232e+000  1.515691363066e-001
 294    1.102499961853e+000  1.433429957926e-001
 295    1.106250047684e+000  1.351743971556e-001
 296    1.110000014305e+000  1.270629366115e-001
 297    1.113749980927e+000  1.190077393875e-001
 298    1.117499947548e+000  1.110078908876e-001
 299    1.121250033379e+000  1.030627151951e-001
 300    1.125000000000e+000  9.517213091254e-002
 301    1.128749966621e+000  8.733693145216e-002
 302    1.132500052452e+000  7.955896478146e-002
 303    1.136250019073e+000  7.184128623456e-002
 304    1.139999985695e+000  6.418821066618e-002
 305    1.143749952316e+000  5.660523833707e-002
 306    1.147500038147e+000  4.909899111837e-002
 307    1.151250004768e+000  4.167695732787e-002
 308    1.154999971390e+000  3.434727409855e-002
 309    1.158750057220e+000  2.711840738542e-002
 310    1.162500023842e+000  1.999882723205e-002
 311    1.166249990463e+000  1.299667197280e-002
 312    1.169999957085e+000  6.119427820668e-003
 313    1.173750042915e+000 -6.263574172044e-004
 314    1.177500009537e+000 -7.235306078219e-003
 315    1.181249976158e+000 -1.370337609435e-002
 316    1.184999942780e+000 -2.002795396140e-002
 317    1.188750028610e+000 -2.620786629326e-002
 318    1.192499995232e+000 -3.224330878351e-002
 319    1.196249961853e+000 -3.813571113162e-002
 320    1.200000047684e+000 -4.388752987143e-002
 321    1.203750014305e+000 -4.950200317428e-002
 322    1.207499980927e+000 -5.498287868686e-002
 323    1.211249947548e+000 -6.033411184326e-002
 324    1.215000033379e+000 -6.555960262194e-002
 325    1.218750000000e+000 -7.066293239594e-002
 326    1.222499966621e+000 -7.564716177061e-002
 327    1.226250052452e+000 -8.051465941593e-002
 328    1.230000019073e+000 -8.526703653857e-002
 329    1.233749985695e+000 -8.990508014336e-002
 330    1.237499952316e+000 -9.442883834243e-002
 331    1.241250038147e+000 -9.883767273277e-002
 332    1.245000004768e+000 -1.031304410100e-001
 333    1.248749971390e+000 -1.073056774214e-001
 334    1.252500057220e+000 -1.113618150726e-001
 335    1.256250023842e+000 -1.152974209189e-001
 336    1.259999990463e+000 -1.191114291921e-001
 337    1.263749957085e+000 -1.228033583611e-001
 338    1.267500042915e+000 -1.263734921813e-001
 339    1.271250009537e+000 -1.298230036721e-001
 340    1.274999976158e+000 -1.331540933996e-001
 341    1.278749942780e+000 -1.363699301332e-001
 342    1.282500028610e+000 -1.394747480378e-001
 343    1.286249995232e+000 -1.424735933170e-001
 344    1.289999961853e+000 -1.453723086044e-001
 345    1.293750047684e+000 -1.481772284210e-001
 346    1.297500014305e+000 -1.508949621022e-001
 347    1.301249980927e+000 -1.535321342945e-001
 348    1.304999947548e+000 -1.560950952023e-001
 349    1.308750033379e+000 -1.585896249115e-001
 350    1.312500000000e+000 -1.610206801444e-001
 351    1.316249966621e+000 -1.633922407031e-001
 352    1.320000052452e+000 -1.657071364671e-001
 353    1.323750019073e+000 -1.679669654369e-001
 354    1.327499985695e+000 -1.701722222567e-001
 355    1.331249952316e+000 -1.723222960532e-001
 356    1.335000038147e+000 -1.744157817960e-001
 357    1.338750004768e+000 -1.764507066458e-001
 358    1.342499971390e+000 -1.784248442203e-001
 359    1.346250057220e+000 -1.803362081200e-001
 360    1.350000023842e+000 -1.821832451224e-001
 361    1.353749990463e+000 -1.839653789252e-001
 362    1.357499957085e+000 -1.856831593812e-001
 363    1.361250042915e+000 -1.873386000842e-001
 364    1.365000009537e+000 -1.889351810515e-001
 365    1.368749976158e+000 -1.904779642820e-001
 366    1.372499942780e+000 -1.919734085351e-001
 367    1.376250028610e+000 -1.934291674942e-001
 368    1.379999995232e+000 -1.948538216203e-001
 369    1.383749961853e+000 -1.962564240396e-001
 370    1.387500047684e+000 -1.976460692286e-001
 371    1.391250014305e+000 -1.990314977616e-001
 372    1.394999980927e+000 -2.004206573218e-001
 373    1.398749947548e+000 -2.018203227967e-001
 374    1.402500033379e+000 -2.032358108461e-001
 375    1.406250000000e+000 -2.046708222479e-001
 376    1.409999966621e+000 -2.061273263395e-001
 377    1.413750052452e+000 -2.076056797057e-001
 378    1.417500019073e+000 -2.091047330946e-001
 379    1.421249985695e+000 -2.106220546365e-001
 380    1.424999952316e+000 -2.121543111652e-001
 381    1.428750038147e+000 -2.136975887418e-001
 382    1.432500004768e+000 -2.152477686852e-001
 383    1.436249971390e+000 -2.168008747697e-001
 384    1.440000057220e+000 -2.183534002304e-001
 385    1.443750023842e+000 -2.199025331438e-001
 386    1.447499990463e+000 -2.214463147521e-001
 387    1.451249957085e+000 -2.229837526381e-001
 388    1.455000042915e+000 -2.245147781819e-001
 389    1.458750009537e+000 -2.260402167588e-001
 390    1.462499976158e+000 -2.275615856797e-001
 391    1.466249942780e+000 -2.290809949487e-001
 392    1.470000028610e+000 -2.306008128077e-001
 393    1.473749995232e+000 -2.321235554665e-001
 394    1.477499961853e+000 -2.336515987664e-001
 395    1.481250047684e+000 -2.351870035380e-001
 396    1.485000014305e+000 -2.367313531786e-001
 397    1.488749980927e+000 -2.382856210321e-001
 398    1.492499947548e+000 -2.398500920832e-001
 399    1.496250033379e+000 -2.414243394136e-001
 400    1.500000000000e+000 -2.430072528124e-001