  0.000537  0.000000 -0.000000  0.001073
  0.001610  0.000002 -0.000000  0.002146
  0.002683  0.000005 -0.000001  0.003220
  0.003756  0.000009 -0.000003  0.004293
  0.004830  0.000014 -0.000005  0.005366
  0.005903  0.000020 -0.000007  0.006439
  0.006976  0.000028 -0.000011  0.007513
  0.008049  0.000037 -0.000015  0.008586
  0.009123  0.000047 -0.000019  0.009659
  0.010196  0.000059 -0.000024  0.010732
  0.011269  0.000071 -0.000030  0.011806
  0.012342  0.000085 -0.000037  0.012879
  0.013416  0.000100 -0.000044  0.013952
  0.014489  0.000117 -0.000051  0.015025
  0.015562  0.000134 -0.000059  0.016099
  0.016635  0.000153 -0.000068  0.017172
  0.017708  0.000173 -0.000078  0.018245
  0.018782  0.000194 -0.000088  0.019318
  0.019855  0.000217 -0.000098  0.020392
  0.020928  0.000241 -0.000110  0.021465
  0.022001  0.000266 -0.000122  0.022538
  0.023075  0.000292 -0.000134  0.023611
  0.024148  0.000319 -0.000147  0.024685
  0.025221  0.000348 -0.000161  0.025758
  0.026294  0.000378 -0.000175  0.026831
  0.027368  0.000409 -0.000190  0.027904
  0.028441  0.000441 -0.000206  0.028977
  0.029514  0.000475 -0.000222  0.030051
  0.030587  0.000509 -0.000239  0.031124
  0.031661  0.000545 -0.000257  0.032197
  0.032734  0.000583 -0.000275  0.033270
  0.033807  0.000621 -0.000293  0.034344
  0.034880  0.000661 -0.000313  0.035417
  0.035954  0.000702 -0.000332  0.036490
  0.037027  0.000744 -0.000353  0.037563
  0.038100  0.000787 -0.000374  0.038637
  0.039173  0.000832 -0.000396  0.039710
  0.040246  0.000878 -0.000418  0.040783
  0.041320  0.000925 -0.000441  0.041856
  0.042393  0.000973 -0.000465  0.042930
  0.043466  0.001023 -0.000489  0.044003
  0.044539  0.001073 -0.000514  0.045076
  0.045613  0.001125 -0.000539  0.046149
  0.046686  0.001178 -0.000565  0.047223
  0.047759  0.001233 -0.000592  0.048296
  0.048832  0.001289 -0.000619  0.049369
  0.049906  0.001345 -0.000647  0.050442
  0.050979  0.001404 -0.000676  0.051516
  0.052052  0.001463 -0.000705  0.052589
  0.053125  0.001523 -0.000734  0.053662
  0.054199  0.001585 -0.000765  0.054735
  0.055272  0.001648 -0.000796  0.055809
  0.056345  0.001713 -0.000827  0.056882
  0.057418  0.001778 -0.000859  0.057955
  0.058492  0.001845 -0.000892  0.059028
  0.059565  0.001913 -0.000926  0.060101
  0.060638  0.001982 -0.000960  0.061175
  0.061711  0.002052 -0.000994  0.062248
  0.062784  0.002124 -0.001030  0.063321
  0.063858  0.002197 -0.001065  0.064394
  0.064931  0.002271 -0.001102  0.065468
  0.066004  0.002346 -0.001139  0.066541
  0.067077  0.002423 -0.001177  0.067614
  0.068151  0.002501 -0.001215  0.068687
  0.069224  0.002580 -0.001254  0.069761
  0.070297  0.002660 -0.001294  0.070834
  0.071370  0.002741 -0.001334  0.071907
  0.072444  0.002824 -0.001375  0.072980
  0.073517  0.002908 -0.001416  0.074054
  0.074590  0.002993 -0.001458  0.075127
  0.075663  0.003079 -0.001501  0.076200
  0.076737  0.003167 -0.001544  0.077273
  0.077810  0.003256 -0.001588  0.078347
  0.078883  0.003346 -0.001632  0.079420
  0.079956  0.003437 -0.001677  0.080493
  0.081029  0.003530 -0.001723  0.081566
  0.082103  0.003623 -0.001769  0.082640
  0.083176  0.003718 -0.001816  0.083713
  0.084249  0.003815 -0.001864  0.084786
  0.085322  0.003912 -0.001912  0.085859
  0.086396  0.004011 -0.001961  0.086932
  0.087469  0.004111 -0.002010  0.088006
  0.088542  0.004212 -0.002060  0.089079
  0.089615  0.004314 -0.002111  0.090152
  0.090689  0.004418 -0.002162  0.091225
  0.091762  0.004522 -0.002214  0.092299
  0.092835  0.004628 -0.002266  0.093372
  0.093908  0.004736 -0.002319  0.094445
  0.094981  0.004844 -0.002373  0.095518
  0.096055  0.004954 -0.002427  0.096592
  0.097128  0.005065 -0.002482  0.097665
  0.098201  0.005177 -0.002538  0.098738
  0.099274  0.005291 -0.002594  0.099811
  0.100348  0.005405 -0.002651  0.100885
  0.101421  0.005521 -0.002708  0.101958
  0.102494  0.005638 -0.002766  0.103031
  0.103567  0.005756 -0.002825  0.104104
  0.104641  0.005876 -0.002884  0.105178
  0.105714  0.005997 -0.002944  0.106251
  0.106787  0.006119 -0.003004  0.107324
  0.107860  0.006242 -0.003065  0.108397
  0.108933  0.006366 -0.003127  0.109471
  0.110007  0.006492 -0.003189  0.110544
  0.111080  0.006619 -0.003252  0.111617
  0.112153  0.006747 -0.003315  0.112690
  0.113226  0.006877 -0.003380  0.113763
  0.114300  0.007007 -0.003444  0.114837
  0.115373  0.007139 -0.003510  0.115910
  0.116446  0.007272 -0.003576  0.116983
  0.117519  0.007406 -0.003642  0.118056
  0.118593  0.007542 -0.003709  0.119130
  0.119666  0.007679 -0.003777  0.120203
  0.120739  0.007817 -0.003846  0.121276
  0.121812  0.007956 -0.003915  0.122349
  0.122885  0.008096 -0.003984  0.123423
  0.123959  0.008238 -0.004055  0.124496
  0.125032  0.008381 -0.004126  0.125569
  0.126105  0.008525 -0.004197  0.126642
  0.127178  0.008670 -0.004269  0.127716
  0.128252  0.008817 -0.004342  0.128789
  0.129325  0.008965 -0.004415  0.129862
  0.130398  0.009114 -0.004489  0.130935
  0.131471  0.009264 -0.004564  0.132009
  0.132545  0.009416 -0.004639  0.133082
  0.133618  0.009568 -0.004715  0.134155
  0.134691  0.009722 -0.004791  0.135228
  0.135764  0.009877 -0.004868  0.136302
  0.136837  0.010034 -0.004946  0.137375
  0.137911  0.010191 -0.005024  0.138448
  0.138984  0.010350 -0.005103  0.139521
  0.140057  0.010510 -0.005183  0.140595
  0.141130  0.010672 -0.005263  0.141668
  0.142204  0.010834 -0.005343  0.142741
  0.143277  0.010998 -0.005425  0.143814
  0.144350  0.011163 -0.005507  0.144887
  0.145423  0.011329 -0.005589  0.145961
  0.146496  0.011497 -0.005672  0.147034
  0.147570  0.011665 -0.005756  0.148107
  0.148643  0.011835 -0.005840  0.149180
  0.149716  0.012007 -0.005925  0.150254
  0.150789  0.012179 -0.006011  0.151327
  0.151863  0.012353 -0.006097  0.152400
  0.152936  0.012527 -0.006184  0.153473
  0.154009  0.012703 -0.006272  0.154547
  0.155082  0.012881 -0.006360  0.155620
  0.156155  0.013059 -0.006448  0.156693
  0.157229  0.013239 -0.006538  0.157766
  0.158302  0.013420 -0.006628  0.158840
  0.159375  0.013602 -0.006718  0.159913
  0.160448  0.013786 -0.006809  0.160986
  0.161522  0.013970 -0.006901  0.162059
  0.162595  0.014156 -0.006994  0.163133
