 0    0.000000000000e+000  0.000000000000e+000
 1    1.874999958090e-003  1.499912352301e-003
 2    3.749999916181e-003  2.999611431733e-003
 3    5.625000223517e-003  4.498958587646e-003
 4    7.499999832362e-003  5.997815169394e-003
 5    9.375000372529e-003  7.496048230678e-003
 6    1.125000044703e-002  8.993535302579e-003
 7    1.312499959022e-002  1.049016322941e-002
 8    1.499999966472e-002  1.198583375663e-002
 9    1.687500067055e-002  1.348045840859e-002
 10    1.875000074506e-002  1.497396174818e-002
 11    2.062500081956e-002  1.646627858281e-002
 12    2.250000089407e-002  1.795735582709e-002
 13    2.437499910593e-002  1.944715343416e-002
 14    2.624999918044e-002  2.093563601375e-002
 15    2.812499925494e-002  2.242278493941e-002
 16    2.999999932945e-002  2.390858344734e-002
 17    3.187499940395e-002  2.539302594960e-002
 18    3.375000134110e-002  2.687611803412e-002
 19    3.562499955297e-002  2.835786342621e-002
 20    3.750000149012e-002  2.983828261495e-002
 21    3.937499970198e-002  3.131739422679e-002
 22    4.125000163913e-002  3.279522061348e-002
 23    4.312499985099e-002  3.427179902792e-002
 24    4.500000178814e-002  3.574715927243e-002
 25    4.687500000000e-002  3.722133859992e-002
 26    4.874999821186e-002  3.869437798858e-002
 27    5.062500014901e-002  4.016632586718e-002
 28    5.249999836087e-002  4.163721948862e-002
 29    5.437500029802e-002  4.310710728168e-002
 30    5.624999850988e-002  4.457603394985e-002
 31    5.812500044703e-002  4.604404792190e-002
 32    5.999999865890e-002  4.751119762659e-002
 33    6.187500059605e-002  4.897752776742e-002
 34    6.374999880791e-002  5.044308304787e-002
 35    6.562499701977e-002  5.190790444613e-002
 36    6.750000268221e-002  5.337203294039e-002
 37    6.937500089407e-002  5.483550950885e-002
 38    7.124999910593e-002  5.629837140441e-002
 39    7.312499731779e-002  5.776064842939e-002
 40    7.500000298023e-002  5.922237411141e-002
 41    7.687500119209e-002  6.068357825279e-002
 42    7.874999940395e-002  6.214427575469e-002
 43    8.062499761581e-002  6.360449641943e-002
 44    8.250000327826e-002  6.506425887346e-002
 45    8.437500149012e-002  6.652357429266e-002
 46    8.624999970198e-002  6.798246502876e-002
 47    8.812499791384e-002  6.944093108177e-002
 48    9.000000357628e-002  7.089897990227e-002
 49    9.187500178814e-002  7.235663384199e-002
 50    9.375000000000e-002  7.381388545036e-002
 51    9.562499821186e-002  7.527074217796e-002
 52    9.749999642372e-002  7.672721147537e-002
 53    9.937500208616e-002  7.818328589201e-002
 54    1.012500002980e-001  7.963898777962e-002
 55    1.031249985099e-001  8.109429478645e-002
 56    1.049999967217e-001  8.254922926426e-002
 57    1.068750023842e-001  8.400378376245e-002
 58    1.087500005960e-001  8.545795828104e-002
 59    1.106249988079e-001  8.691176027060e-002
 60    1.124999970198e-001  8.836518973112e-002
 61    1.143750026822e-001  8.981825411320e-002
 62    1.162500008941e-001  9.127094596624e-002
 63    1.181249991059e-001  9.272327274084e-002
 64    1.199999973178e-001  9.417524188757e-002
 65    1.218750029802e-001  9.562685340643e-002
 66    1.237500011921e-001  9.707809984684e-002
 67    1.256249994040e-001  9.852898865938e-002
 68    1.274999976158e-001  9.997952729464e-002
 69    1.293749958277e-001  1.014297083020e-001
 70    1.312499940395e-001  1.028795316815e-001
 71    1.331250071526e-001  1.043290048838e-001
 72    1.350000053644e-001  1.057781130075e-001
 73    1.368750035763e-001  1.072268709540e-001
 74    1.387500017881e-001  1.086752787232e-001
 75    1.406250000000e-001  1.101233214140e-001
 76    1.424999982119e-001  1.115710064769e-001
 77    1.443749964237e-001  1.130183339119e-001
 78    1.462499946356e-001  1.144652962685e-001
 79    1.481249928474e-001  1.159119009972e-001
 80    1.500000059605e-001  1.173581480980e-001
 81    1.518750041723e-001  1.188040375710e-001
 82    1.537500023842e-001  1.202495619655e-001
 83    1.556250005960e-001  1.216947287321e-001
 84    1.574999988079e-001  1.231395453215e-001
 85    1.593749970198e-001  1.245839968324e-001
 86    1.612499952316e-001  1.260281056166e-001
 87    1.631249934435e-001  1.274718493223e-001
 88    1.650000065565e-001  1.289152354002e-001
 89    1.668750047684e-001  1.303582936525e-001
 90    1.687500029802e-001  1.318009793758e-001
 91    1.706250011921e-001  1.332433223724e-001
 92    1.724999994040e-001  1.346853226423e-001
 93    1.743749976158e-001  1.361269652843e-001
 94    1.762499958277e-001  1.375682651997e-001
 95    1.781249940395e-001  1.390092074871e-001
 96    1.800000071526e-001  1.404497921467e-001
 97    1.818750053644e-001  1.418900191784e-001
 98    1.837500035763e-001  1.433299034834e-001
 99    1.856250017881e-001  1.447694152594e-001
 100    1.875000000000e-001  1.462085694075e-001
 101    1.893749982119e-001  1.476473510265e-001
 102    1.912499964237e-001  1.490857750177e-001
 103    1.931249946356e-001  1.505238264799e-001
 104    1.949999928474e-001  1.519615054131e-001
 105    1.968750059605e-001  1.533987969160e-001
 106    1.987500041723e-001  1.548357307911e-001
 107    2.006250023842e-001  1.562722921371e-001
 108    2.025000005960e-001  1.577084809542e-001
 109    2.043749988079e-001  1.591442972422e-001
 110    2.062499970198e-001  1.605797559023e-001
 111    2.081249952316e-001  1.620148420334e-001
 112    2.099999934435e-001  1.634495705366e-001
 113    2.118750065565e-001  1.648839414120e-001
 114    2.137500047684e-001  1.663179546595e-001
 115    2.156250029802e-001  1.677516102791e-001
 116    2.175000011921e-001  1.691849380732e-001
 117    2.193749994040e-001  1.706179231405e-001
 118    2.212499976158e-001  1.720505654812e-001
 119    2.231249958277e-001  1.734828799963e-001
 120    2.249999940395e-001  1.749148666859e-001
 121    2.268750071526e-001  1.763465255499e-001
 122    2.287500053644e-001  1.777778714895e-001
 123    2.306250035763e-001  1.792088896036e-001
 124    2.325000017881e-001  1.806395947933e-001
 125    2.343750000000e-001  1.820699721575e-001
 126    2.362499982119e-001  1.835000514984e-001
 127    2.381249964237e-001  1.849298179150e-001
 128    2.399999946356e-001  1.863592714071e-001
 129    2.418749928474e-001  1.877883970737e-001
 130    2.437500059605e-001  1.892172396183e-001
 131    2.456250041723e-001  1.906457543373e-001
 132    2.475000023842e-001  1.920739710331e-001
 133    2.493750005960e-001  1.935018748045e-001
 134    2.512499988079e-001  1.949294805527e-001
 135    2.531250119209e-001  1.963567733765e-001
 136    2.549999952316e-001  1.977837681770e-001
 137    2.568750083447e-001  1.992104649544e-001
 138    2.587499916553e-001  2.006368488073e-001
 139    2.606250047684e-001  2.020629495382e-001
 140    2.624999880791e-001  2.034887522459e-001
 141    2.643750011921e-001  2.049142569304e-001
 142    2.662500143051e-001  2.063394784927e-001
 143    2.681249976158e-001  2.077644020319e-001
 144    2.700000107288e-001  2.091890424490e-001
 145    2.718749940395e-001  2.106133997440e-001
 146    2.737500071526e-001  2.120374590158e-001
 147    2.756249904633e-001  2.134612351656e-001
 148    2.775000035763e-001  2.148847281933e-001
 149    2.793749868870e-001  2.163079231977e-001
 150    2.812500000000e-001  2.177308350801e-001
 151    2.831250131130e-001  2.191534638405e-001
 152    2.849999964237e-001  2.205757945776e-001
 153    2.868750095367e-001  2.219978272915e-001
 154    2.887499928474e-001  2.234195619822e-001
 155    2.906250059605e-001  2.248409986496e-001
 156    2.924999892712e-001  2.262621372938e-001
 157    2.943750023842e-001  2.276829779148e-001
 158    2.962499856949e-001  2.291035205126e-001
 159    2.981249988079e-001  2.305237501860e-001
 160    3.000000119209e-001  2.319436669350e-001
 161    3.018749952316e-001  2.333632856607e-001
 162    3.037500083447e-001  2.347825914621e-001
 163    3.056249916553e-001  2.362015992403e-001
 164    3.075000047684e-001  2.376202940941e-001
 165    3.093749880791e-001  2.390386909246e-001
 166    3.112500011921e-001  2.404567748308e-001
 167    3.131250143051e-001  2.418745607138e-001
 168    3.149999976158e-001  2.432920485735e-001
 169    3.168750107288e-001  2.447092384100e-001
 170    3.187499940395e-001  2.461261153221e-001
 171    3.206250071526e-001  2.475427091122e-001
 172    3.224999904633e-001  2.489590048790e-001
 173    3.243750035763e-001  2.503750026226e-001
 174    3.262499868870e-001  2.517907321453e-001
 175    3.281250000000e-001  2.532061636448e-001
 176    3.300000131130e-001  2.546212971210e-001
 177    3.318749964237e-001  2.560361325741e-001
 178    3.337500095367e-001  2.574506700039e-001
 179    3.356249928474e-001  2.588649392128e-001
 180    3.375000059605e-001  2.602789103985e-001
 181    3.393749892712e-001  2.616926133633e-001
 182    3.412500023842e-001  2.631059885025e-001
 183    3.431249856949e-001  2.645190954208e-001
 184    3.449999988079e-001  2.659319341183e-001
 185    3.468750119209e-001  2.673444449902e-001
 186    3.487499952316e-001  2.687566876411e-001
 187    3.506250083447e-001  2.701686322689e-001
 188    3.524999916553e-001  2.715803086758e-001
 189    3.543750047684e-001  2.729916870594e-001
 190    3.562499880791e-001  2.744027674198e-001
 191    3.581250011921e-001  2.758135795593e-001
 192    3.600000143051e-001  2.772240936756e-001
 193    3.618749976158e-001  2.786343395710e-001
 194    3.637500107288e-001  2.800442874432e-001
 195    3.656249940395e-001  2.814539372921e-001
 196    3.675000071526e-001  2.828633487225e-001
 197    3.693749904633e-001  2.842724621296e-001
 198    3.712500035763e-001  2.856812775135e-001
 199    3.731249868870e-001  2.870898246765e-001
 200    3.750000000000e-001  2.884981036186e-001
 201    3.768750131130e-001  2.899061143398e-001
 202    3.787499964237e-001  2.913138270378e-001
 203    3.806250095367e-001  2.927212417126e-001
 204    3.824999928474e-001  2.941284179688e-001
 205    3.843750059605e-001  2.955352962017e-001
 206    3.862499892712e-001  2.969419062138e-001
 207    3.881250023842e-001  2.983482182026e-001
 208    3.899999856949e-001  2.997542619705e-001
 209    3.918749988079e-001  3.011600077152e-001
 210    3.937500119209e-001  3.025655150414e-001
 211    3.956249952316e-001  3.039706945419e-001
 212    3.975000083447e-001  3.053756058216e-001
 213    3.993749916553e-001  3.067802488804e-001
 214    4.012500047684e-001  3.081846237183e-001
 215    4.031249880791e-001  3.095887005329e-001
 216    4.050000011921e-001  3.109924793243e-001
 217    4.068750143051e-001  3.123960196972e-001
 218    4.087499976158e-001  3.137992620468e-001
 219    4.106250107288e-001  3.152022063732e-001
 220    4.124999940395e-001  3.166049122810e-001
 221    4.143750071526e-001  3.180073201656e-001
 222    4.162499904633e-001  3.194094896317e-001
 223    4.181250035763e-001  3.208113610744e-001
 224    4.199999868870e-001  3.222129344940e-001
 225    4.218750000000e-001  3.236142694950e-001
 226    4.237500131130e-001  3.250153362751e-001
 227    4.256249964237e-001  3.264161050320e-001
 228    4.275000095367e-001  3.278166055679e-001
 229    4.293749928474e-001  3.292168378830e-001
 230    4.312500059605e-001  3.306168019772e-001
 231    4.331249892712e-001  3.320164680481e-001
 232    4.350000023842e-001  3.334158957005e-001
 233    4.368749856949e-001  3.348149955273e-001
 234    4.387499988079e-001  3.362138569355e-001
 235    4.406250119209e-001  3.376124203205e-001
 236    4.424999952316e-001  3.390107154846e-001
 237    4.443750083447e-001  3.404087126255e-001
 238    4.462499916553e-001  3.418064415455e-001
 239    4.481250047684e-001  3.432038724422e-001
 240    4.499999880791e-001  3.446010351181e-001
 241    4.518750011921e-001  3.459978997707e-001
 242    4.537500143051e-001  3.473944962025e-001
 243    4.556249976158e-001  3.487908244133e-001
 244    4.575000107288e-001  3.501868546009e-001
 245    4.593749940395e-001  3.515826463699e-001
 246    4.612500071526e-001  3.529781103134e-001
 247    4.631249904633e-001  3.543733358383e-001
 248    4.650000035763e-001  3.557682931423e-001
 249    4.668749868870e-001  3.571629822254e-001
 250    4.687500000000e-001  3.585573732853e-001
 251    4.706250131130e-001  3.599515259266e-001
 252    4.724999964237e-001  3.613454103470e-001
 253    4.743750095367e-001  3.627390265465e-001
 254    4.762499928474e-001  3.641323447227e-001
 255    4.781250059605e-001  3.655254244804e-001
 256    4.799999892712e-001  3.669182658195e-001
 257    4.818750023842e-001  3.683108091354e-001
 258    4.837499856949e-001  3.697030842304e-001
 259    4.856249988079e-001  3.710950911045e-001
 260    4.875000119209e-001  3.724868595600e-001
 261    4.893749952316e-001  3.738783299923e-001
 262    4.912500083447e-001  3.752695322037e-001
 263    4.931249916553e-001  3.766604959965e-001
 264    4.950000047684e-001  3.780511617661e-001
 265    4.968749880791e-001  3.794415593147e-001
 266    4.987500011921e-001  3.808316588402e-001
 267    5.006250143051e-001  3.822215199471e-001
 268    5.024999976158e-001  3.836110830307e-001
 269    5.043749809265e-001  3.850004076958e-001
 270    5.062500238419e-001  3.863894343376e-001
 271    5.081250071526e-001  3.877781927586e-001
 272    5.099999904633e-001  3.891666829586e-001
 273    5.118749737740e-001  3.905548751354e-001
 274    5.137500166893e-001  3.919428288937e-001
 275    5.156250000000e-001  3.933305144310e-001
 276    5.174999833107e-001  3.947179019451e-001
 277    5.193750262260e-001  3.961050212383e-001
 278    5.212500095367e-001  3.974919021130e-001
 279    5.231249928474e-001  3.988784849644e-001
 280    5.249999761581e-001  4.002647995949e-001
 281    5.268750190735e-001  4.016508460045e-001
 282    5.287500023842e-001  4.030366539955e-001
 283    5.306249856949e-001  4.044221639633e-001
 284    5.325000286102e-001  4.058074057102e-001
 285    5.343750119209e-001  4.071923792362e-001
 286    5.362499952316e-001  4.085770845413e-001
 287    5.381249785423e-001  4.099615216255e-001
 288    5.400000214577e-001  4.113456904888e-001
 289    5.418750047684e-001  4.127295613289e-001
 290    5.437499880791e-001  4.141131937504e-001
 291    5.456249713898e-001  4.154965281487e-001
 292    5.475000143051e-001  4.168796241283e-001
 293    5.493749976158e-001  4.182624220848e-001
 294    5.512499809265e-001  4.196449518204e-001
 295    5.531250238419e-001  4.210272133350e-001
 296    5.550000071526e-001  4.224092066288e-001
 297    5.568749904633e-001  4.237909317017e-001
 298    5.587499737740e-001  4.251723587513e-001
 299    5.606250166893e-001  4.265535473824e-001
 300    5.625000000000e-001  4.279344677925e-001
 301    5.643749833107e-001  4.293150901794e-001
 302    5.662500262260e-001  4.306954741478e-001
 303    5.681250095367e-001  4.320755898952e-001
 304    5.699999928474e-001  4.334554374218e-001
 305    5.718749761581e-001  4.348350167274e-001
 306    5.737500190735e-001  4.362143278122e-001
 307    5.756250023842e-001  4.375933706760e-001
 308    5.774999856949e-001  4.389721453190e-001
 309    5.793750286102e-001  4.403506517410e-001
 310    5.812500119209e-001  4.417289197445e-001
 311    5.831249952316e-001  4.431068897247e-001
 312    5.849999785423e-001  4.444846212864e-001
 313    5.868750214577e-001  4.458620548248e-001
 314    5.887500047684e-001  4.472392201424e-001
 315    5.906249880791e-001  4.486161470413e-001
 316    5.924999713898e-001  4.499927759171e-001
 317    5.943750143051e-001  4.513691365719e-001
 318    5.962499976158e-001  4.527452290058e-001
 319    5.981249809265e-001  4.541210830212e-001
 320    6.000000238419e-001  4.554966390133e-001
 321    6.018750071526e-001  4.568719267845e-001
 322    6.037499904633e-001  4.582469463348e-001
 323    6.056249737740e-001  4.596216976643e-001
 324    6.075000166893e-001  4.609961807728e-001
 325    6.093750000000e-001  4.623703658581e-001
 326    6.112499833107e-001  4.637443125248e-001
 327    6.131250262260e-001  4.651179909706e-001
 328    6.150000095367e-001  4.664914011955e-001
 329    6.168749928474e-001  4.678645431995e-001
 330    6.187499761581e-001  4.692374467850e-001
 331    6.206250190735e-001  4.706100523472e-001
 332    6.225000023842e-001  4.719823896885e-001
 333    6.243749856949e-001  4.733544588089e-001
 334    6.262500286102e-001  4.747262895107e-001
 335    6.281250119209e-001  4.760978221893e-001
 336    6.299999952316e-001  4.774691164494e-001
 337    6.318749785423e-001  4.788401424885e-001
 338    6.337500214577e-001  4.802109003067e-001
 339    6.356250047684e-001  4.815813899040e-001
 340    6.374999880791e-001  4.829516112804e-001
 341    6.393749713898e-001  4.843215644360e-001
 342    6.412500143051e-001  4.856912493706e-001
 343    6.431249976158e-001  4.870606660843e-001
 344    6.449999809265e-001  4.884298145771e-001
 345    6.468750238419e-001  4.897986948490e-001
 346    6.487500071526e-001  4.911673069000e-001
 347    6.506249904633e-001  4.925356507301e-001
 348    6.524999737740e-001  4.939037561417e-001
 349    6.543750166893e-001  4.952715635300e-001
 350    6.562500000000e-001  4.966391026974e-001
 351    6.581249833107e-001  4.980064034462e-001
 352    6.600000262260e-001  4.993734061718e-001
 353    6.618750095367e-001  5.007401704788e-001
 354    6.637499928474e-001  5.021066665649e-001
 355    6.656249761581e-001  5.034728646278e-001
 356    6.675000190735e-001  5.048388242722e-001
 357    6.693750023842e-001  5.062044858932e-001
 358    6.712499856949e-001  5.075699090958e-001
 359    6.731250286102e-001  5.089350938797e-001
 360    6.750000119209e-001  5.102999806404e-001
 361    6.768749952316e-001  5.116646289825e-001
 362    6.787499785423e-001  5.130289793015e-001
 363    6.806250214577e-001  5.143930912018e-001
 364    6.825000047684e-001  5.157569050789e-001
 365    6.843749880791e-001  5.171204805374e-001
 366    6.862499713898e-001  5.184837579727e-001
 367    6.881250143051e-001  5.198467969894e-001
 368    6.899999976158e-001  5.212095379829e-001
 369    6.918749809265e-001  5.225720405579e-001
 370    6.937500238419e-001  5.239342451096e-001
 371    6.956250071526e-001  5.252962112427e-001
 372    6.974999904633e-001  5.266578793526e-001
 373    6.993749737740e-001  5.280193090439e-001
 374    7.012500166893e-001  5.293804407120e-001
 375    7.031250000000e-001  5.307412743568e-001
 376    7.049999833107e-001  5.321019291878e-001
 377    7.068750262260e-001  5.334622263908e-001
 378    7.087500095367e-001  5.348222851753e-001
 379    7.106249928474e-001  5.361821055412e-001
 380    7.124999761581e-001  5.375416278839e-001
 381    7.143750190735e-001  5.389009118080e-001
 382    7.162500023842e-001  5.402599573135e-001
 383    7.181249856949e-001  5.416186451912e-001
 384    7.200000286102e-001  5.429771542549e-001
 385    7.218750119209e-001  5.443353652954e-001
 386    7.237499952316e-001  5.456932783127e-001
 387    7.256249785423e-001  5.470510125160e-001
 388    7.275000214577e-001  5.484083890915e-001
 389    7.293750047684e-001  5.497655272484e-001
 390    7.312499880791e-001  5.511224269867e-001
 391    7.331249713898e-001  5.524790883064e-001
 392    7.350000143051e-001  5.538353919983e-001
 393    7.368749976158e-001  5.551915168762e-001
 394    7.387499809265e-001  5.565473437309e-001
 395    7.406250238419e-001  5.579028725624e-001
 396    7.425000071526e-001  5.592581629753e-001
 397    7.443749904633e-001  5.606131553650e-001
 398    7.462499737740e-001  5.619679093361e-001
 399    7.481250166893e-001  5.633224248886e-001
 400    7.500000000000e-001  5.646766424179e-001
 401    7.518749833107e-001  5.660305619240e-001
 402    7.537500262260e-001  5.673842430115e-001
 403    7.556250095367e-001  5.687376856804e-001
 404    7.574999928474e-001  5.700908303261e-001
 405    7.593749761581e-001  5.714436769485e-001
 406    7.612500190735e-001  5.727962851524e-001
 407    7.631250023842e-001  5.741485953331e-001
 408    7.649999856949e-001  5.755007266998e-001
 409    7.668750286102e-001  5.768525004387e-001
 410    7.687500119209e-001  5.782040357590e-001
 411    7.706249952316e-001  5.795553326607e-001
 412    7.724999785423e-001  5.809063315392e-001
 413    7.743750214577e-001  5.822570919991e-001
 414    7.762500047684e-001  5.836075544357e-001
 415    7.781249880791e-001  5.849577784538e-001
 416    7.799999713898e-001  5.863077044487e-001
 417    7.818750143051e-001  5.876573920250e-001
 418    7.837499976158e-001  5.890067815781e-001
 419    7.856249809265e-001  5.903559327126e-001
 420    7.875000238419e-001  5.917047858238e-001
 421    7.893750071526e-001  5.930534005165e-001
 422    7.912499904633e-001  5.944017171860e-001
 423    7.931249737740e-001  5.957497954369e-001
 424    7.950000166893e-001  5.970976352692e-001
 425    7.968750000000e-001  5.984451174736e-001
 426    7.987499833107e-001  5.997924208641e-001
 427    8.006250262260e-001  6.011393666267e-001
 428    8.025000095367e-001  6.024861335754e-001
 429    8.043749928474e-001  6.038326025009e-001
 430    8.062499761581e-001  6.051787734032e-001
 431    8.081250190735e-001  6.065247058868e-001
 432    8.100000023842e-001  6.078703403473e-001
 433    8.118749856949e-001  6.092157363892e-001
 434    8.137500286102e-001  6.105608940125e-001
 435    8.156250119209e-001  6.119057536125e-001
 436    8.174999952316e-001  6.132503747940e-001
 437    8.193749785423e-001  6.145946979523e-001
 438    8.212500214577e-001  6.159387826920e-001
 439    8.231250047684e-001  6.172825694084e-001
 440    8.249999880791e-001  6.186261177063e-001
 441    8.268749713898e-001  6.199693679810e-001
 442    8.287500143051e-001  6.213123798370e-001
 443    8.306249976158e-001  6.226551532745e-001
 444    8.324999809265e-001  6.239976286888e-001
 445    8.343750238419e-001  6.253398656845e-001
 446    8.362500071526e-001  6.266818046570e-001
 447    8.381249904633e-001  6.280235052109e-001
 448    8.399999737740e-001  6.293649077415e-001
 449    8.418750166893e-001  6.307060718536e-001
 450    8.437500000000e-001  6.320469975471e-001
 451    8.456249833107e-001  6.333876252174e-001
 452    8.475000262260e-001  6.347279548645e-001
 453    8.493750095367e-001  6.360680460930e-001
 454    8.512499928474e-001  6.374078989029e-001
 455    8.531249761581e-001  6.387474536896e-001
 456    8.550000190735e-001  6.400867104530e-001
 457    8.568750023842e-001  6.414257884026e-001
 458    8.587499856949e-001  6.427645087242e-001
 459    8.606250286102e-001  6.441030502319e-001
 460    8.625000119209e-001  6.454412341118e-001
 461    8.643749952316e-001  6.467792391777e-001
 462    8.662499785423e-001  6.481169462204e-001
 463    8.681250214577e-001  6.494543552399e-001
 464    8.700000047684e-001  6.507915258408e-001
 465    8.718749880791e-001  6.521284580231e-001
 466    8.737499713898e-001  6.534650921822e-001
 467    8.756250143051e-001  6.548014879227e-001
 468    8.774999976158e-001  6.561376452446e-001
 469    8.793749809265e-001  6.574734449387e-001
 470    8.812500238419e-001  6.588090658188e-001
 471    8.831250071526e-001  6.601443886757e-001
 472    8.849999904633e-001  6.614794731140e-001
 473    8.868749737740e-001  6.628142595291e-001
 474    8.887500166893e-001  6.641488075256e-001
 475    8.906250000000e-001  6.654830574989e-001
 476    8.924999833107e-001  6.668170690536e-001
 477    8.943750262260e-001  6.681507825851e-001
 478    8.962500095367e-001  6.694842576981e-001
 479    8.981249928474e-001  6.708174943924e-001
 480    8.999999761581e-001  6.721504330635e-001
 481    9.018750190735e-001  6.734830737114e-001
 482    9.037500023842e-001  6.748155355453e-001
 483    9.056249856949e-001  6.761476397514e-001
 484    9.075000286102e-001  6.774795651436e-001
 485    9.093750119209e-001  6.788111925125e-001
 486    9.112499952316e-001  6.801425218582e-001
 487    9.131249785423e-001  6.814736723900e-001
 488    9.150000214577e-001  6.828044652939e-001
 489    9.168750047684e-001  6.841350793839e-001
 490    9.187499880791e-001  6.854653954506e-001
 491    9.206249713898e-001  6.867954134941e-001
 492    9.225000143051e-001  6.881252527237e-001
 493    9.243749976158e-001  6.894547343254e-001
 494    9.262499809265e-001  6.907840371132e-001
 495    9.281250238419e-001  6.921130418777e-001
 496    9.300000071526e-001  6.934418082237e-001
 497    9.318749904633e-001  6.947702765465e-001
 498    9.337499737740e-001  6.960985064507e-001
 499    9.356250166893e-001  6.974264383316e-001
 500    9.375000000000e-001  6.987541317940e-001
 501    9.393749833107e-001  7.000815868378e-001
 502    9.412500262260e-001  7.014087438583e-001
 503    9.431250095367e-001  7.027356624603e-001
 504    9.449999928474e-001  7.040623426437e-001
 505    9.468749761581e-001  7.053887248039e-001
 506    9.487500190735e-001  7.067148685455e-001
 507    9.506250023842e-001  7.080407142639e-001
 508    9.524999856949e-001  7.093663215637e-001
 509    9.543750286102e-001  7.106916308403e-001
 510    9.562500119209e-001  7.120167613029e-001
 511    9.581249952316e-001  7.133415341377e-001
 512    9.599999785423e-001  7.146661281586e-001
 513    9.618750214577e-001  7.159904241562e-001
 514    9.637500047684e-001  7.173144817352e-001
 515    9.656249880791e-001  7.186382412910e-001
 516    9.674999713898e-001  7.199617624283e-001
 517    9.693750143051e-001  7.212850451469e-001
 518    9.712499976158e-001  7.226080298424e-001
 519    9.731249809265e-001  7.239307761192e-001
 520    9.750000238419e-001  7.252532839775e-001
 521    9.768750071526e-001  7.265754938126e-001
 522    9.787499904633e-001  7.278974652290e-001
 523    9.806249737740e-001  7.292191982269e-001
 524    9.825000166893e-001  7.305406332016e-001
 525    9.843750000000e-001  7.318618297577e-001
 526    9.862499833107e-001  7.331827282906e-001
 527    9.881250262260e-001  7.345034480095e-001
 528    9.900000095367e-001  7.358238101006e-001
 529    9.918749928474e-001  7.371439933777e-001
 530    9.937499761581e-001  7.384638786316e-001
 531    9.956250190735e-001  7.397835254669e-001
 532    9.975000023842e-001  7.411028742790e-001
 533    9.993749856949e-001  7.424220442772e-001
 534    1.001250028610e+000  7.437409162521e-001
 535    1.003124952316e+000  7.450594902039e-001
 536    1.004999995232e+000  7.463778257370e-001
 537    1.006875038147e+000  7.476959228516e-001
 538    1.008749961853e+000  7.490137815475e-001
 539    1.010625004768e+000  7.503313422203e-001
 540    1.012500047684e+000  7.516486644745e-001
 541    1.014374971390e+000  7.529657483101e-001
 542    1.016250014305e+000  7.542825341225e-001
 543    1.018125057220e+000  7.555990815163e-001
 544    1.019999980927e+000  7.569153904915e-001
 545    1.021875023842e+000  7.582314014435e-001
 546    1.023749947548e+000  7.595471739769e-001
 547    1.025624990463e+000  7.608627080917e-001
 548    1.027500033379e+000  7.621780037880e-001
 549    1.029374957085e+000  7.634930014610e-001
 550    1.031250000000e+000  7.648077607155e-001
 551    1.033125042915e+000  7.661222815514e-001
 552    1.034999966621e+000  7.674365043640e-001
 553    1.036875009537e+000  7.687504887581e-001
 554    1.038750052452e+000  7.700642347336e-001
 555    1.040624976158e+000  7.713776826859e-001
 556    1.042500019073e+000  7.726908922195e-001
 557    1.044374942780e+000  7.740038633347e-001
 558    1.046249985695e+000  7.753165960312e-001
 559    1.048125028610e+000  7.766290307045e-001
 560    1.049999952316e+000  7.779412269592e-001
 561    1.051874995232e+000  7.792531251907e-001
 562    1.053750038147e+000  7.805648446083e-001
 563    1.055624961853e+000  7.818762660027e-001
 564    1.057500004768e+000  7.831873893738e-001
 565    1.059375047684e+000  7.844983339310e-001
 566    1.061249971390e+000  7.858089804649e-001
 567    1.063125014305e+000  7.871193885803e-001
 568    1.065000057220e+000  7.884294986725e-001
 569    1.066874980927e+000  7.897393703461e-001
 570    1.068750023842e+000  7.910490036011e-001
 571    1.070624947548e+000  7.923583984375e-001
 572    1.072499990463e+000  7.936675548553e-001
 573    1.074375033379e+000  7.949764132500e-001
 574    1.076249957085e+000  7.962850332260e-001
 575    1.078125000000e+000  7.975934147835e-001
 576    1.080000042915e+000  7.989014983177e-001
 577    1.081874966621e+000  8.002093434334e-001
 578    1.083750009537e+000  8.015169501305e-001
 579    1.085625052452e+000  8.028243184090e-001
 580    1.087499976158e+000  8.041313886642e-001
 581    1.089375019073e+000  8.054382801056e-001
 582    1.091249942780e+000  8.067448139191e-001
 583    1.093124985695e+000  8.080511689186e-001
 584    1.095000028610e+000  8.093572854996e-001
 585    1.096874952316e+000  8.106631040573e-001
 586    1.098749995232e+000  8.119686841965e-001
 587    1.100625038147e+000  8.132739663124e-001
 588    1.102499961853e+000  8.145790696144e-001
 589    1.104375004768e+000  8.158838748932e-001
 590    1.106250047684e+000  8.171884417534e-001
 591    1.108124971390e+000  8.184927701950e-001
 592    1.110000014305e+000  8.197968006134e-001
 593    1.111875057220e+000  8.211005926132e-001
 594    1.113749980927e+000  8.224042057991e-001
 595    1.115625023842e+000  8.237074613571e-001
 596    1.117499947548e+000  8.250105381012e-001
 597    1.119374990463e+000  8.263133168221e-001
 598    1.121250033379e+000  8.276159167290e-001
 599    1.123124957085e+000  8.289182186127e-001
 600    1.125000000000e+000  8.302202224731e-001
 601    1.126875042915e+000  8.315220475197e-001
 602    1.128749966621e+000  8.328235745430e-001
 603    1.130625009537e+000  8.341249227524e-001
 604    1.132500052452e+000  8.354259729385e-001
 605    1.134374976158e+000  8.367267251015e-001
 606    1.136250019073e+000  8.380272984505e-001
 607    1.138124942780e+000  8.393276333809e-001
 608    1.139999985695e+000  8.406276702881e-001
 609    1.141875028610e+000  8.419274687767e-001
 610    1.143749952316e+000  8.432270288467e-001
 611    1.145624995232e+000  8.445263504982e-001
 612    1.147500038147e+000  8.458253741264e-001
 613    1.149374961853e+000  8.471242189407e-001
 614    1.151250004768e+000  8.484227657318e-001
 615    1.153125047684e+000  8.497210741043e-001
 616    1.154999971390e+000  8.510191440582e-001
 617    1.156875014305e+000  8.523169755936e-001
 618    1.158750057220e+000  8.536145687103e-001
 619    1.160624980927e+000  8.549118638039e-001
 620    1.162500023842e+000  8.562089800835e-001
 621    1.164374947548e+000  8.575057983398e-001
 622    1.166249990463e+000  8.588023781776e-001
 623    1.168125033379e+000  8.600987195969e-001
 624    1.169999957085e+000  8.613948225975e-001
 625    1.171875000000e+000  8.626906871796e-001
 626    1.173750042915e+000  8.639863133430e-001
 627    1.175624966621e+000  8.652816414833e-001
 628    1.177500009537e+000  8.665767908096e-001
 629    1.179375052452e+000  8.678716421127e-001
 630    1.181249976158e+000  8.691662549973e-001
 631    1.183125019073e+000  8.704606294632e-001
 632    1.184999942780e+000  8.717547655106e-001
 633    1.186874985695e+000  8.730486631393e-001
 634    1.188750028610e+000  8.743423223495e-001
 635    1.190624952316e+000  8.756356835365e-001
 636    1.192499995232e+000  8.769288659096e-001
 637    1.194375038147e+000  8.782217502594e-001
 638    1.196249961853e+000  8.795144557953e-001
 639    1.198125004768e+000  8.808068633080e-001
 640    1.200000047684e+000  8.820990324020e-001
 641    1.201874971390e+000  8.833909630775e-001
 642    1.203750014305e+000  8.846826553345e-001
 643    1.205625057220e+000  8.859741091728e-001
 644    1.207499980927e+000  8.872653245926e-001
 645    1.209375023842e+000  8.885563015938e-001
 646    1.211249947548e+000  8.898470401764e-001
 647    1.213124990463e+000  8.911375403404e-001
 648    1.215000033379e+000  8.924277424812e-001
 649    1.216874957085e+000  8.937177658081e-001
 650    1.218750000000e+000  8.950074911118e-001
 651    1.220625042915e+000  8.962970376015e-001
 652    1.222499966621e+000  8.975863456726e-001
 653    1.224375009537e+000  8.988753557205e-001
 654    1.226250052452e+000  9.001641273499e-001
 655    1.228124976158e+000  9.014527201653e-001
 656    1.230000019073e+000  9.027410149574e-001
 657    1.231874942780e+000  9.040291309357e-001
 658    1.233749985695e+000  9.053169488907e-001
 659    1.235625028610e+000  9.066045284271e-001
 660    1.237499952316e+000  9.078919291496e-001
 661    1.239374995232e+000  9.091790318489e-001
 662    1.241250038147e+000  9.104658961296e-001
 663    1.243124961853e+000  9.117525219917e-001
 664    1.245000004768e+000  9.130389690399e-001
 665    1.246875047684e+000  9.143251180649e-001
 666    1.248749971390e+000  9.156110286713e-001
 667    1.250625014305e+000  9.168967008591e-001
 668    1.252500057220e+000  9.181821942329e-001
 669    1.254374980927e+000  9.194673895836e-001
 670    1.256250023842e+000  9.207523465157e-001
 671    1.258124947548e+000  9.220370650291e-001
 672    1.259999990463e+000  9.233216047287e-001
 673    1.261875033379e+000  9.246058464050e-001
 674    1.263749957085e+000  9.258898496628e-001
 675    1.265625000000e+000  9.271736145020e-001
 676    1.267500042915e+000  9.284572005272e-001
 677    1.269374966621e+000  9.297404885292e-001
 678    1.271250009537e+000  9.310235381126e-001
 679    1.273125052452e+000  9.323064088821e-001
 680    1.274999976158e+000  9.335889816284e-001
 681    1.276875019073e+000  9.348713159561e-001
 682    1.278749942780e+000  9.361534714699e-001
 683    1.280624985695e+000  9.374353289604e-001
 684    1.282500028610e+000  9.387170076370e-001
 685    1.284374952316e+000  9.399983882904e-001
 686    1.286249995232e+000  9.412795901299e-001
 687    1.288125038147e+000  9.425605535507e-001
 688    1.289999961853e+000  9.438412189484e-001
 689    1.291875004768e+000  9.451217055321e-001
 690    1.293750047684e+000  9.464019536972e-001
 691    1.295624971390e+000  9.476819634438e-001
 692    1.297500014305e+000  9.489617347717e-001
 693    1.299375057220e+000  9.502412080765e-001
 694    1.301249980927e+000  9.515205025673e-001
 695    1.303125023842e+000  9.527996182442e-001
 696    1.304999947548e+000  9.540784358978e-001
 697    1.306874990463e+000  9.553570151329e-001
 698    1.308750033379e+000  9.566353559494e-001
 699    1.310624957085e+000  9.579134583473e-001
 700    1.312500000000e+000  9.591913819313e-001
 701    1.314375042915e+000  9.604690074921e-001
 702    1.316249966621e+000  9.617464542389e-001
 703    1.318125009537e+000  9.630236625671e-001
 704    1.320000052452e+000  9.643006324768e-001
 705    1.321874976158e+000  9.655773639679e-001
 706    1.323750019073e+000  9.668538570404e-001
 707    1.325624942780e+000  9.681301116943e-001
 708    1.327499985695e+000  9.694061279297e-001
 709    1.329375028610e+000  9.706819057465e-001
 710    1.331249952316e+000  9.719575047493e-001
 711    1.333124995232e+000  9.732328653336e-001
 712    1.335000038147e+000  9.745079278946e-001
 713    1.336874961853e+000  9.757828116417e-001
 714    1.338750004768e+000  9.770574569702e-001
 715    1.340625047684e+000  9.783318638802e-001
 716    1.342499971390e+000  9.796060919762e-001
 717    1.344375014305e+000  9.808800220490e-001
 718    1.346250057220e+000  9.821537137032e-001
 719    1.348124980927e+000  9.834272265434e-001
 720    1.350000023842e+000  9.847005009651e-001
 721    1.351874947548e+000  9.859735369682e-001
 722    1.353749990463e+000  9.872463345528e-001
 723    1.355625033379e+000  9.885188937187e-001
 724    1.357499957085e+000  9.897912144661e-001
 725    1.359375000000e+000  9.910633563995e-001
 726    1.361250042915e+000  9.923352003098e-001
 727    1.363124966621e+000  9.936068654060e-001
 728    1.365000009537e+000  9.948782920837e-001
 729    1.366875052452e+000  9.961494803429e-001
 730    1.368749976158e+000  9.974204897881e-001
 731    1.370625019073e+000  9.986912012100e-001
 732    1.372499942780e+000  9.999617338181e-001
 733    1.374374985695e+000  1.001232028008e+000
 734    1.376250028610e+000  1.002502083778e+000
 735    1.378124952316e+000  1.003771901131e+000
 736    1.379999995232e+000  1.005041480064e+000
 737    1.381875038147e+000  1.006310939789e+000
 738    1.383749961853e+000  1.007580041885e+000
 739    1.385625004768e+000  1.008849024773e+000
 740    1.387500047684e+000  1.010117650032e+000
 741    1.389374971390e+000  1.011386156082e+000
 742    1.391250014305e+000  1.012654423714e+000
 743    1.393125057220e+000  1.013922452927e+000
 744    1.394999980927e+000  1.015190243721e+000
 745    1.396875023842e+000  1.016457796097e+000
 746    1.398749947548e+000  1.017725110054e+000
 747    1.400624990463e+000  1.018992185593e+000
 748    1.402500033379e+000  1.020259141922e+000
 749    1.404374957085e+000  1.021525740623e+000
 750    1.406250000000e+000  1.022792220116e+000
 751    1.408125042915e+000  1.024058461189e+000
 752    1.409999966621e+000  1.025324463844e+000
 753    1.411875009537e+000  1.026590228081e+000
 754    1.413750052452e+000  1.027855753899e+000
 755    1.415624976158e+000  1.029121041298e+000
 756    1.417500019073e+000  1.030386209488e+000
 757    1.419374942780e+000  1.031651020050e+000
 758    1.421249985695e+000  1.032915711403e+000
 759    1.423125028610e+000  1.034180045128e+000
 760    1.424999952316e+000  1.035444259644e+000
 761    1.426874995232e+000  1.036708235741e+000
 762    1.428750038147e+000  1.037971973419e+000
 763    1.430624961853e+000  1.039235591888e+000
 764    1.432500004768e+000  1.040498852730e+000
 765    1.434375047684e+000  1.041761994362e+000
 766    1.436249971390e+000  1.043024778366e+000
 767    1.438125014305e+000  1.044287443161e+000
 768    1.440000057220e+000  1.045549869537e+000
 769    1.441874980927e+000  1.046812057495e+000
 770    1.443750023842e+000  1.048074007034e+000
 771    1.445624947548e+000  1.049335718155e+000
 772    1.447499990463e+000  1.050597310066e+000
 773    1.449375033379e+000  1.051858544350e+000
 774    1.451249957085e+000  1.053119659424e+000
 775    1.453125000000e+000  1.054380536079e+000
 776    1.455000042915e+000  1.055641174316e+000
 777    1.456874966621e+000  1.056901574135e+000
 778    1.458750009537e+000  1.058161735535e+000
 779    1.460625052452e+000  1.059421777725e+000
 780    1.462499976158e+000  1.060681462288e+000
 781    1.464375019073e+000  1.061941027641e+000
 782    1.466249942780e+000  1.063200354576e+000
 783    1.468124985695e+000  1.064459443092e+000
 784    1.470000028610e+000  1.065718293190e+000
 785    1.471874952316e+000  1.066976904869e+000
 786    1.473749995232e+000  1.068235397339e+000
 787    1.475625038147e+000  1.069493532181e+000
 788    1.477499961853e+000  1.070751547813e+000
 789    1.479375004768e+000  1.072009325027e+000
 790    1.481250047684e+000  1.073266863823e+000
 791    1.483124971390e+000  1.074524164200e+000
 792    1.485000014305e+000  1.075781345367e+000
 793    1.486875057220e+000  1.077038168907e+000
 794    1.488749980927e+000  1.078294873238e+000
 795    1.490625023842e+000  1.079551339149e+000
 796    1.492499947548e+000  1.080807566643e+000
 797    1.494374990463e+000  1.082063555717e+000
 798    1.496250033379e+000  1.083319425583e+000
 799    1.498124957085e+000  1.084574937820e+000
 800    1.500000000000e+000  1.085830330849e+000
