0    0.000000000000e+000  0.000000000000e+000
 1    3.749999916181e-003 -7.323128556891e-007
 2    7.499999832362e-003 -3.263726057412e-006
 3    1.125000044703e-002 -8.778642040852e-006
 4    1.499999966472e-002 -1.845452425187e-005
 5    1.875000074506e-002 -3.338644455653e-005
 6    2.250000089407e-002 -5.453954872792e-005
 7    2.624999918044e-002 -8.271888509626e-005
 8    2.999999932945e-002 -1.185512228403e-004
 9    3.375000134110e-002 -1.624758879188e-004
 10    3.750000149012e-002 -2.147430786863e-004
 11    4.125000163913e-002 -2.754188317340e-004
 12    4.500000178814e-002 -3.443959285505e-004
 13    4.874999821186e-002 -4.214105720166e-004
 14    5.249999836087e-002 -5.060643889010e-004
 15    5.624999850988e-002 -5.978508852422e-004
 16    5.999999865890e-002 -6.961858016439e-004
 17    6.374999880791e-002 -8.004393312149e-004
 18    6.750000268221e-002 -9.099692688324e-004
 19    7.124999910593e-002 -1.024152385071e-003
 20    7.500000298023e-002 -1.142413238995e-003
 21    7.874999940395e-002 -1.264246297069e-003
 22    8.250000327826e-002 -1.389234093949e-003
 23    8.624999970198e-002 -1.517055672593e-003
 24    9.000000357628e-002 -1.647491008043e-003
 25    9.375000000000e-002 -1.780416234396e-003
 26    9.749999642372e-002 -1.915796892717e-003
 27    1.012500002980e-001 -2.053675474599e-003
 28    1.049999967217e-001 -2.194159664214e-003
 29    1.087500005960e-001 -2.337408484891e-003
 30    1.124999970198e-001 -2.483622170985e-003
 31    1.162500008941e-001 -2.633031457663e-003
 32    1.199999973178e-001 -2.785890828818e-003
 33    1.237500011921e-001 -2.942472696304e-003
 34    1.274999976158e-001 -3.103062510490e-003
 35    1.312499940395e-001 -3.267953637987e-003
 36    1.350000053644e-001 -3.437442705035e-003
 37    1.387500017881e-001 -3.611823311076e-003
 38    1.424999982119e-001 -3.791378578171e-003
 39    1.462499946356e-001 -3.976373001933e-003
 40    1.500000059605e-001 -4.167044069618e-003
 41    1.537500023842e-001 -4.363595508039e-003
 42    1.574999988079e-001 -4.566191695631e-003
 43    1.612499952316e-001 -4.774952773005e-003
 44    1.650000065565e-001 -4.989956505597e-003
 45    1.687500029802e-001 -5.211237818003e-003
 46    1.724999994040e-001 -5.438797641546e-003
 47    1.762499958277e-001 -5.672605708241e-003
 48    1.800000071526e-001 -5.912611261010e-003
 49    1.837500035763e-001 -6.158750504255e-003
 50    1.875000000000e-001 -6.410953123122e-003
 51    1.912499964237e-001 -6.669146940112e-003
 52    1.949999928474e-001 -6.933263503015e-003
 53    1.987500041723e-001 -7.203239016235e-003
 54    2.025000005960e-001 -7.479014340788e-003
 55    2.062499970198e-001 -7.760534528643e-003
 56    2.099999934435e-001 -8.047749288380e-003
 57    2.137500047684e-001 -8.340612985194e-003
 58    2.175000011921e-001 -8.639082312584e-003
 59    2.212499976158e-001 -8.943122811615e-003
 60    2.249999940395e-001 -9.252708405256e-003
 61    2.287500053644e-001 -9.567826986313e-003
 62    2.325000017881e-001 -9.888485074043e-003
 63    2.362499982119e-001 -1.021470688283e-002
 64    2.399999946356e-001 -1.054654084146e-002
 65    2.437500059605e-001 -1.088405866176e-002
 66    2.475000023842e-001 -1.122735533863e-002
 67    2.512499988079e-001 -1.157654449344e-002
 68    2.549999952316e-001 -1.193175278604e-002
 69    2.587499916553e-001 -1.229311991483e-002
 70    2.624999880791e-001 -1.266078557819e-002
 71    2.662500143051e-001 -1.303489040583e-002
 72    2.700000107288e-001 -1.341556478292e-002
 73    2.737500071526e-001 -1.380292791873e-002
 74    2.775000035763e-001 -1.419708132744e-002
 75    2.812500000000e-001 -1.459810882807e-002
 76    2.849999964237e-001 -1.500607188791e-002
 77    2.887499928474e-001 -1.542101148516e-002
 78    2.924999892712e-001 -1.584294438362e-002
 79    2.962499856949e-001 -1.627185940742e-002
 80    3.000000119209e-001 -1.670772768557e-002
 81    3.037500083447e-001 -1.715049147606e-002
 82    3.075000047684e-001 -1.760006509721e-002
 83    3.112500011921e-001 -1.805634610355e-002
 84    3.149999976158e-001 -1.851920410991e-002
 85    3.187499940395e-001 -1.898849569261e-002
 86    3.224999904633e-001 -1.946406066418e-002
 87    3.262499868870e-001 -1.994572579861e-002
 88    3.300000131130e-001 -2.043332159519e-002
 89    3.337500095367e-001 -2.092667482793e-002
 90    3.375000059605e-001 -2.142562530935e-002
 91    3.412500023842e-001 -2.193002216518e-002
 92    3.449999988079e-001 -2.243973501027e-002
 93    3.487499952316e-001 -2.295465767384e-002
 94    3.524999916553e-001 -2.347470261157e-002
 95    3.562499880791e-001 -2.399981208146e-002
 96    3.600000143051e-001 -2.452995069325e-002
 97    3.637500107288e-001 -2.506510354578e-002
 98    3.675000071526e-001 -2.560528554022e-002
 99    3.712500035763e-001 -2.615052275360e-002
 100    3.750000000000e-001 -2.670087106526e-002
 101    3.787499964237e-001 -2.725639380515e-002
 102    3.824999928474e-001 -2.781717665493e-002
 103    3.862499892712e-001 -2.838331460953e-002
 104    3.899999856949e-001 -2.895491756499e-002
 105    3.937500119209e-001 -2.953209728003e-002
 106    3.975000083447e-001 -3.011497668922e-002
 107    4.012500047684e-001 -3.070367313921e-002
 108    4.050000011921e-001 -3.129830211401e-002
 109    4.087499976158e-001 -3.189896792173e-002
 110    4.124999940395e-001 -3.250576555729e-002
 111    4.162499904633e-001 -3.311876952648e-002
 112    4.199999868870e-001 -3.373802825809e-002
 113    4.237500131130e-001 -3.436357900500e-002
 114    4.275000095367e-001 -3.499543294311e-002
 115    4.312500059605e-001 -3.563357144594e-002
 116    4.350000023842e-001 -3.627797216177e-002
 117    4.387499988079e-001 -3.692859038711e-002
 118    4.424999952316e-001 -3.758537769318e-002
 119    4.462499916553e-001 -3.824826702476e-002
 120    4.499999880791e-001 -3.891720995307e-002
 121    4.537500143051e-001 -3.959214314818e-002
 122    4.575000107288e-001 -4.027302190661e-002
 123    4.612500071526e-001 -4.095980152488e-002
 124    4.650000035763e-001 -4.165245592594e-002
 125    4.687500000000e-001 -4.235095903277e-002
 126    4.724999964237e-001 -4.305530339479e-002
 127    4.762499928474e-001 -4.376548901200e-002
 128    4.799999892712e-001 -4.448151960969e-002
 129    4.837499856949e-001 -4.520342126489e-002
 130    4.875000119209e-001 -4.593121260405e-002
 131    4.912500083447e-001 -4.666493833065e-002
 132    4.950000047684e-001 -4.740463569760e-002
 133    4.987500011921e-001 -4.815036058426e-002
 134    5.024999976158e-001 -4.890216886997e-002
 135    5.062500238419e-001 -4.966013133526e-002
 136    5.099999904633e-001 -5.042430758476e-002
 137    5.137500166893e-001 -5.119477212429e-002
 138    5.174999833107e-001 -5.197159573436e-002
 139    5.212500095367e-001 -5.275484174490e-002
 140    5.249999761581e-001 -5.354458093643e-002
 141    5.287500023842e-001 -5.434086546302e-002
 142    5.325000286102e-001 -5.514374002814e-002
 143    5.362499952316e-001 -5.595324561000e-002
 144    5.400000214577e-001 -5.676940456033e-002
 145    5.437499880791e-001 -5.759223178029e-002
 146    5.475000143051e-001 -5.842172726989e-002
 147    5.512499809265e-001 -5.925788357854e-002
 148    5.550000071526e-001 -6.010067835450e-002
 149    5.587499737740e-001 -6.095007807016e-002
 150    5.625000000000e-001 -6.180604547262e-002
 151    5.662500262260e-001 -6.266853958368e-002
 152    5.699999928474e-001 -6.353749334812e-002
 153    5.737500190735e-001 -6.441286206245e-002
 154    5.774999856949e-001 -6.529458612204e-002
 155    5.812500119209e-001 -6.618259102106e-002
 156    5.849999785423e-001 -6.707683205605e-002
 157    5.887500047684e-001 -6.797724217176e-002
 158    5.924999713898e-001 -6.888376921415e-002
 159    5.962499976158e-001 -6.979637593031e-002
 160    6.000000238419e-001 -7.071501016617e-002
 161    6.037499904633e-001 -7.163964956999e-002
 162    6.075000166893e-001 -7.257026433945e-002
 163    6.112499833107e-001 -7.350685447454e-002
 164    6.150000095367e-001 -7.444940507412e-002
 165    6.187499761581e-001 -7.539791613817e-002
 166    6.225000023842e-001 -7.635241001844e-002
 167    6.262500286102e-001 -7.731290161610e-002
 168    6.299999952316e-001 -7.827939838171e-002
 169    6.337500214577e-001 -7.925194501877e-002
 170    6.374999880791e-001 -8.023056387901e-002
 171    6.412500143051e-001 -8.121527731419e-002
 172    6.449999809265e-001 -8.220613002777e-002
 173    6.487500071526e-001 -8.320314437151e-002
 174    6.524999737740e-001 -8.420635014772e-002
 175    6.562500000000e-001 -8.521578460932e-002
 176    6.600000262260e-001 -8.623147010803e-002
 177    6.637499928474e-001 -8.725342899561e-002
 178    6.675000190735e-001 -8.828167617321e-002
 179    6.712499856949e-001 -8.931621909142e-002
 180    6.750000119209e-001 -9.035706520081e-002
 181    6.787499785423e-001 -9.140419960022e-002
 182    6.825000047684e-001 -9.245761483908e-002
 183    6.862499713898e-001 -9.351728856564e-002
 184    6.899999976158e-001 -9.458319842815e-002
 185    6.937500238419e-001 -9.565530717373e-002
 186    6.974999904633e-001 -9.673359245062e-002
 187    7.012500166893e-001 -9.781800955534e-002
 188    7.049999833107e-001 -9.890852868557e-002
 189    7.087500095367e-001 -1.000051274896e-001
 190    7.124999761581e-001 -1.011077761650e-001
 191    7.162500023842e-001 -1.022164598107e-001
 192    7.200000286102e-001 -1.033311635256e-001
 193    7.237499952316e-001 -1.044518873096e-001
 194    7.275000214577e-001 -1.055786088109e-001
 195    7.312499880791e-001 -1.067113503814e-001
 196    7.350000143051e-001 -1.078500971198e-001
 197    7.387499809265e-001 -1.089948490262e-001
 198    7.425000071526e-001 -1.101456210017e-001
 199    7.462499737740e-001 -1.113023981452e-001
 200    7.500000000000e-001 -1.124651804566e-001
 201    7.537500262260e-001 -1.136339455843e-001
 202    7.574999928474e-001 -1.148086860776e-001
 203    7.612500190735e-001 -1.159893646836e-001
 204    7.649999856949e-001 -1.171759590507e-001
 205    7.687500119209e-001 -1.183684244752e-001
 206    7.724999785423e-001 -1.195667088032e-001
 207    7.762500047684e-001 -1.207707524300e-001
 208    7.799999713898e-001 -1.219804883003e-001
 209    7.837499976158e-001 -1.231958344579e-001
 210    7.875000238419e-001 -1.244167014956e-001
 211    7.912499904633e-001 -1.256429851055e-001
 212    7.950000166893e-001 -1.268745958805e-001
 213    7.987499833107e-001 -1.281114220619e-001
 214    8.025000095367e-001 -1.293533295393e-001
 215    8.062499761581e-001 -1.306002289057e-001
 216    8.100000023842e-001 -1.318519860506e-001
 217    8.137500286102e-001 -1.331085264683e-001
 218    8.174999952316e-001 -1.343697458506e-001
 219    8.212500214577e-001 -1.356355547905e-001
 220    8.249999880791e-001 -1.369059085846e-001
 221    8.287500143051e-001 -1.381807625294e-001
 222    8.324999809265e-001 -1.394601017237e-001
 223    8.362500071526e-001 -1.407439410686e-001
 224    8.399999737740e-001 -1.420322805643e-001
 225    8.437500000000e-001 -1.433252096176e-001
 226    8.475000262260e-001 -1.446227729321e-001
 227    8.512499928474e-001 -1.459250897169e-001
 228    8.550000190735e-001 -1.472322493792e-001
 229    8.587499856949e-001 -1.485444009304e-001
 230    8.625000119209e-001 -1.498616933823e-001
 231    8.662499785423e-001 -1.511842608452e-001
 232    8.700000047684e-001 -1.525122970343e-001
 233    8.737499713898e-001 -1.538459509611e-001
 234    8.774999976158e-001 -1.551853865385e-001
 235    8.812500238419e-001 -1.565307825804e-001
 236    8.849999904633e-001 -1.578822880983e-001
 237    8.887500166893e-001 -1.592400372028e-001
 238    8.924999833107e-001 -1.606041640043e-001
 239    8.962500095367e-001 -1.619747728109e-001
 240    8.999999761581e-001 -1.633519232273e-001
 241    9.037500023842e-001 -1.647356450558e-001
 242    9.075000286102e-001 -1.661259680986e-001
 243    9.112499952316e-001 -1.675228178501e-001
 244    9.150000214577e-001 -1.689261198044e-001
 245    9.187499880791e-001 -1.703357547522e-001
 246    9.225000143051e-001 -1.717514991760e-001
 247    9.262499809265e-001 -1.731731593609e-001
 248    9.300000071526e-001 -1.746004223824e-001
 249    9.337499737740e-001 -1.760329902172e-001
 250    9.375000000000e-001 -1.774704903364e-001
 251    9.412500262260e-001 -1.789125353098e-001
 252    9.449999928474e-001 -1.803586930037e-001
 253    9.487500190735e-001 -1.818085312843e-001
 254    9.524999856949e-001 -1.832616329193e-001
 255    9.562500119209e-001 -1.847175359726e-001
 256    9.599999785423e-001 -1.861758381128e-001
 257    9.637500047684e-001 -1.876361370087e-001
 258    9.674999713898e-001 -1.890980601311e-001
 259    9.712499976158e-001 -1.905613094568e-001
 260    9.750000238419e-001 -1.920255869627e-001
 261    9.787499904633e-001 -1.934906840324e-001
 262    9.825000166893e-001 -1.949564218521e-001
 263    9.862499833107e-001 -1.964226812124e-001
 264    9.900000095367e-001 -1.978894174099e-001
 265    9.937499761581e-001 -1.993566304445e-001
 266    9.975000023842e-001 -2.008243501186e-001
 267    1.001250028610e+000 -2.022926658392e-001
 268    1.004999995232e+000 -2.037617564201e-001
 269    1.008749961853e+000 -2.052317559719e-001
 270    1.012500047684e+000 -2.067029029131e-001
 271    1.016250014305e+000 -2.081754356623e-001
 272    1.019999980927e+000 -2.096496224403e-001
 273    1.023749947548e+000 -2.111257463694e-001
 274    1.027500033379e+000 -2.126041352749e-001
 275    1.031250000000e+000 -2.140850722790e-001
 276    1.034999966621e+000 -2.155689150095e-001
 277    1.038750052452e+000 -2.170559465885e-001
 278    1.042500019073e+000 -2.185464650393e-001
 279    1.046249985695e+000 -2.200407832861e-001
 280    1.049999952316e+000 -2.215391397476e-001
 281    1.053750038147e+000 -2.230417728424e-001
 282    1.057500004768e+000 -2.245488464832e-001
 283    1.061249971390e+000 -2.260605096817e-001
 284    1.065000057220e+000 -2.275768518448e-001
 285    1.068750023842e+000 -2.290979027748e-001
 286    1.072499990463e+000 -2.306236177683e-001
 287    1.076249957085e+000 -2.321539223194e-001
 288    1.080000042915e+000 -2.336886823177e-001
 289    1.083750009537e+000 -2.352276891470e-001
 290    1.087499976158e+000 -2.367707192898e-001
 291    1.091249942780e+000 -2.383175045252e-001
 292    1.095000028610e+000 -2.398677021265e-001
 293    1.098749995232e+000 -2.414210140705e-001
 294    1.102499961853e+000 -2.429770827293e-001
 295    1.106250047684e+000 -2.445355653763e-001
 296    1.110000014305e+000 -2.460960894823e-001
 297    1.113749980927e+000 -2.476583123207e-001
 298    1.117499947548e+000 -2.492219358683e-001
 299    1.121250033379e+000 -2.507866322994e-001
 300    1.125000000000e+000 -2.523521482944e-001
 301    1.128749966621e+000 -2.539181709290e-001
 302    1.132500052452e+000 -2.554845511913e-001
 303    1.136250019073e+000 -2.570510208607e-001
 304    1.139999985695e+000 -2.586174905300e-001
 305    1.143749952316e+000 -2.601837813854e-001
 306    1.147500038147e+000 -2.617498040199e-001
 307    1.151250004768e+000 -2.633154988289e-001
 308    1.154999971390e+000 -2.648808360100e-001
 309    1.158750057220e+000 -2.664457857609e-001
 310    1.162500023842e+000 -2.680103778839e-001
 311    1.166249990463e+000 -2.695746421814e-001
 312    1.169999957085e+000 -2.711386084557e-001
 313    1.173750042915e+000 -2.727023363113e-001
 314    1.177500009537e+000 -2.742659151554e-001
 315    1.181249976158e+000 -2.758294045925e-001
 316    1.184999942780e+000 -2.773928344250e-001
 317    1.188750028610e+000 -2.789562940598e-001
 318    1.192499995232e+000 -2.805198132992e-001
 319    1.196249961853e+000 -2.820833921432e-001
 320    1.200000047684e+000 -2.836470007896e-001
 321    1.203750014305e+000 -2.852106094360e-001
 322    1.207499980927e+000 -2.867741286755e-001
 323    1.211249947548e+000 -2.883374392986e-001
 324    1.215000033379e+000 -2.899004518986e-001
 325    1.218750000000e+000 -2.914629578590e-001
 326    1.222499966621e+000 -2.930247783661e-001
 327    1.226250052452e+000 -2.945857048035e-001
 328    1.230000019073e+000 -2.961455285549e-001
 329    1.233749985695e+000 -2.977039813995e-001
 330    1.237499952316e+000 -2.992608547211e-001
 331    1.241250038147e+000 -3.008158802986e-001
 332    1.245000004768e+000 -3.023688197136e-001
 333    1.248749971390e+000 -3.039194643497e-001
 334    1.252500057220e+000 -3.054676055908e-001
 335    1.256250023842e+000 -3.070130348206e-001
 336    1.259999990463e+000 -3.085555434227e-001
 337    1.263749957085e+000 -3.100950121880e-001
 338    1.267500042915e+000 -3.116312623024e-001
 339    1.271250009537e+000 -3.131641745567e-001
 340    1.274999976158e+000 -3.146936893463e-001
 341    1.278749942780e+000 -3.162197172642e-001
 342    1.282500028610e+000 -3.177421987057e-001
 343    1.286249995232e+000 -3.192611336708e-001
 344    1.289999961853e+000 -3.207765221596e-001
 345    1.293750047684e+000 -3.222883641720e-001
 346    1.297500014305e+000 -3.237966895103e-001
 347    1.301249980927e+000 -3.253015875816e-001
 348    1.304999947548e+000 -3.268030881882e-001
 349    1.308750033379e+000 -3.283012509346e-001
 350    1.312500000000e+000 -3.297961652279e-001
 351    1.316249966621e+000 -3.312878310680e-001
 352    1.320000052452e+000 -3.327763378620e-001
 353    1.323750019073e+000 -3.342617154121e-001
 354    1.327499985695e+000 -3.357439339161e-001
 355    1.331249952316e+000 -3.372229933739e-001
 356    1.335000038147e+000 -3.386988639832e-001
 357    1.338750004768e+000 -3.401714861393e-001
 358    1.342499971390e+000 -3.416408002377e-001
 359    1.346250057220e+000 -3.431066572666e-001
 360    1.350000023842e+000 -3.445689380169e-001
 361    1.353749990463e+000 -3.460275530815e-001
 362    1.357499957085e+000 -3.474822938442e-001
 363    1.361250042915e+000 -3.489330410957e-001
 364    1.365000009537e+000 -3.503795564175e-001
 365    1.368749976158e+000 -3.518216907978e-001
 366    1.372499942780e+000 -3.532592356205e-001
 367    1.376250028610e+000 -3.546919524670e-001
 368    1.379999995232e+000 -3.561196625233e-001
 369    1.383749961853e+000 -3.575420975685e-001
 370    1.387500047684e+000 -3.589590489864e-001
 371    1.391250014305e+000 -3.603703081608e-001
 372    1.394999980927e+000 -3.617755770683e-001
 373    1.398749947548e+000 -3.631747066975e-001
 374    1.402500033379e+000 -3.645674586296e-001
 375    1.406250000000e+000 -3.659535944462e-001
 376    1.409999966621e+000 -3.673330247402e-001
 377    1.413750052452e+000 -3.687055408955e-001
 378    1.417500019073e+000 -3.700710535049e-001
 379    1.421249985695e+000 -3.714294731617e-001
 380    1.424999952316e+000 -3.727807402611e-001
 381    1.428750038147e+000 -3.741247951984e-001
 382    1.432500004768e+000 -3.754616677761e-001
 383    1.436249971390e+000 -3.767913281918e-001
 384    1.440000057220e+000 -3.781138658524e-001
 385    1.443750023842e+000 -3.794292509556e-001
 386    1.447499990463e+000 -3.807375431061e-001
 387    1.451249957085e+000 -3.820387721062e-001
 388    1.455000042915e+000 -3.833329975605e-001
 389    1.458750009537e+000 -3.846201598644e-001
 390    1.462499976158e+000 -3.859002888203e-001
 391    1.466249942780e+000 -3.871733546257e-001
 392    1.470000028610e+000 -3.884393274784e-001
 393    1.473749995232e+000 -3.896981179714e-001
 394    1.477499961853e+000 -3.909496366978e-001
 395    1.481250047684e+000 -3.921938240528e-001
 396    1.485000014305e+000 -3.934305012226e-001
 397    1.488749980927e+000 -3.946596086025e-001
 398    1.492499947548e+000 -3.958809673786e-001
 399    1.496250033379e+000 -3.970944285393e-001
 400    1.500000000000e+000 -3.982998728752e-001