 0    0.000000000000e+000  0.000000000000e+000
 1    1.874999958090e-003 -8.764986603182e-008
 2    3.749999916181e-003 -3.886060540026e-007
 3    5.625000223517e-003 -1.041488530973e-006
 4    7.499999832362e-003 -2.185173570979e-006
 5    9.375000372529e-003 -3.952317456424e-006
 6    1.125000044703e-002 -6.466067588917e-006
 7    1.312499959022e-002 -9.838439837040e-006
 8    1.499999966472e-002 -1.416959912603e-005
 9    1.687500067055e-002 -1.954765320988e-005
 10    1.875000074506e-002 -2.604875953693e-005
 11    2.062500081956e-002 -3.373741492396e-005
 12    2.250000089407e-002 -4.266691030352e-005
 13    2.437499910593e-002 -5.287983731250e-005
 14    2.624999918044e-002 -6.440869037760e-005
 15    2.812499925494e-002 -7.727649790468e-005
 16    2.999999932945e-002 -9.149747347692e-005
 17    3.187499940395e-002 -1.070776852430e-004
 18    3.375000134110e-002 -1.240156998392e-004
 19    3.562499955297e-002 -1.423032663297e-004
 20    3.750000149012e-002 -1.619259564904e-004
 21    3.937499970198e-002 -1.828637759900e-004
 22    4.125000163913e-002 -2.050917828456e-004
 23    4.312499985099e-002 -2.285806840518e-004
 24    4.500000178814e-002 -2.532973885536e-004
 25    4.687500000000e-002 -2.792056475300e-004
 26    4.874999821186e-002 -3.062664764002e-004
 27    5.062500014901e-002 -3.344388387632e-004
 28    5.249999836087e-002 -3.636800684035e-004
 29    5.437500029802e-002 -3.939464804716e-004
 30    5.624999850988e-002 -4.251936916262e-004
 31    5.812500044703e-002 -4.573774349410e-004
 32    5.999999865890e-002 -4.904536763206e-004
 33    6.187500059605e-002 -5.243793129921e-004
 34    6.374999880791e-002 -5.591124063358e-004
 35    6.562499701977e-002 -5.946127930656e-004
 36    6.750000268221e-002 -6.308422307484e-004
 37    6.937500089407e-002 -6.677646306343e-004
 38    7.124999910593e-002 -7.053465815261e-004
 39    7.312499731779e-002 -7.435572333634e-004
 40    7.500000298023e-002 -7.823685300536e-004
 41    7.687500119209e-002 -8.217553258874e-004
 42    7.874999940395e-002 -8.616953273304e-004
 43    8.062499761581e-002 -9.021689184010e-004
 44    8.250000327826e-002 -9.431593352929e-004
 45    8.437500149012e-002 -9.846520842984e-004
 46    8.624999970198e-002 -1.026635174640e-003
 47    8.812499791384e-002 -1.069098478183e-003
 48    9.000000357628e-002 -1.112033962272e-003
 49    9.187500178814e-002 -1.155434641987e-003
 50    9.375000000000e-002 -1.199295278639e-003
 51    9.562499821186e-002 -1.243611332029e-003
 52    9.749999642372e-002 -1.288379076868e-003
 53    9.937500208616e-002 -1.333595253527e-003
 54    1.012500002980e-001 -1.379257068038e-003
 55    1.031249985099e-001 -1.425361842848e-003
 56    1.049999967217e-001 -1.471906783991e-003
 57    1.068750023842e-001 -1.518889097497e-003
 58    1.087500005960e-001 -1.566306222230e-003
 59    1.106249988079e-001 -1.614155247808e-003
 60    1.124999970198e-001 -1.662433147430e-003
 61    1.143750026822e-001 -1.711137010716e-003
 62    1.162500008941e-001 -1.760263810866e-003
 63    1.181249991059e-001 -1.809810986742e-003
 64    1.199999973178e-001 -1.859775744379e-003
 65    1.218750029802e-001 -1.910155871883e-003
 66    1.237500011921e-001 -1.960949273780e-003
 67    1.256249994040e-001 -2.012154320255e-003
 68    1.274999976158e-001 -2.063770079985e-003
 69    1.293749958277e-001 -2.115795388818e-003
 70    1.312499940395e-001 -2.168230246753e-003
 71    1.331250071526e-001 -2.221074420959e-003
 72    1.350000053644e-001 -2.274328842759e-003
 73    1.368750035763e-001 -2.327993744984e-003
 74    1.387500017881e-001 -2.382070058957e-003
 75    1.406250000000e-001 -2.436559181660e-003
 76    1.424999982119e-001 -2.491461811587e-003
 77    1.443749964237e-001 -2.546779578552e-003
 78    1.462499946356e-001 -2.602512948215e-003
 79    1.481249928474e-001 -2.658662851900e-003
 80    1.500000059605e-001 -2.715229988098e-003
 81    1.518750041723e-001 -2.772214589640e-003
 82    1.537500023842e-001 -2.829617122188e-003
 83    1.556250005960e-001 -2.887437120080e-003
 84    1.574999988079e-001 -2.945674816146e-003
 85    1.593749970198e-001 -3.004329279065e-003
 86    1.612499952316e-001 -3.063400508836e-003
 87    1.631249934435e-001 -3.122887806967e-003
 88    1.650000065565e-001 -3.182790940627e-003
 89    1.668750047684e-001 -3.243109909818e-003
 90    1.687500029802e-001 -3.303844481707e-003
 91    1.706250011921e-001 -3.364995354787e-003
 92    1.724999994040e-001 -3.426563227549e-003
 93    1.743749976158e-001 -3.488549031317e-003
 94    1.762499958277e-001 -3.550954395905e-003
 95    1.781249940395e-001 -3.613781416789e-003
 96    1.800000071526e-001 -3.677032189444e-003
 97    1.818750053644e-001 -3.740709507838e-003
 98    1.837500035763e-001 -3.804815467447e-003
 99    1.856250017881e-001 -3.869353560731e-003
 100    1.875000000000e-001 -3.934326581657e-003
 101    1.893749982119e-001 -3.999736625701e-003
 102    1.912499964237e-001 -4.065587185323e-003
 103    1.931249946356e-001 -4.131880123168e-003
 104    1.949999928474e-001 -4.198616836220e-003
 105    1.968750059605e-001 -4.265799187124e-003
 106    1.987500041723e-001 -4.333427175879e-003
 107    2.006250023842e-001 -4.401501733810e-003
 108    2.025000005960e-001 -4.470021929592e-003
 109    2.043749988079e-001 -4.538986366242e-003
 110    2.062499970198e-001 -4.608393646777e-003
 111    2.081249952316e-001 -4.678241442889e-003
 112    2.099999934435e-001 -4.748526494950e-003
 113    2.118750065565e-001 -4.819245543331e-003
 114    2.137500047684e-001 -4.890394862741e-003
 115    2.156250029802e-001 -4.961971659213e-003
 116    2.175000011921e-001 -5.033970810473e-003
 117    2.193749994040e-001 -5.106389056891e-003
 118    2.212499976158e-001 -5.179222207516e-003
 119    2.231249958277e-001 -5.252467002720e-003
 120    2.249999940395e-001 -5.326119717211e-003
 121    2.268750071526e-001 -5.400177557021e-003
 122    2.287500053644e-001 -5.474637728184e-003
 123    2.306250035763e-001 -5.549497436732e-003
 124    2.325000017881e-001 -5.624755285680e-003
 125    2.343750000000e-001 -5.700409412384e-003
 126    2.362499982119e-001 -5.776458419859e-003
 127    2.381249964237e-001 -5.852900911123e-003
 128    2.399999946356e-001 -5.929735954851e-003
 129    2.418749928474e-001 -6.006963085383e-003
 130    2.437500059605e-001 -6.084580905735e-003
 131    2.456250041723e-001 -6.162589415908e-003
 132    2.475000023842e-001 -6.240987684578e-003
 133    2.493750005960e-001 -6.319774314761e-003
 134    2.512499988079e-001 -6.398948375136e-003
 135    2.531250119209e-001 -6.478509400040e-003
 136    2.549999952316e-001 -6.558455526829e-003
 137    2.568750083447e-001 -6.638785358518e-003
 138    2.587499916553e-001 -6.719497963786e-003
 139    2.606250047684e-001 -6.800591014326e-003
 140    2.624999880791e-001 -6.882063578814e-003
 141    2.643750011921e-001 -6.963913794607e-003
 142    2.662500143051e-001 -7.046140264720e-003
 143    2.681249976158e-001 -7.128742523491e-003
 144    2.700000107288e-001 -7.211718708277e-003
 145    2.718749940395e-001 -7.295068353415e-003
 146    2.737500071526e-001 -7.378790993243e-003
 147    2.756249904633e-001 -7.462886162102e-003
 148    2.775000035763e-001 -7.547354791313e-003
 149    2.793749868870e-001 -7.632196880877e-003
 150    2.812500000000e-001 -7.717412896454e-003
 151    2.831250131130e-001 -7.803004235029e-003
 152    2.849999964237e-001 -7.888972759247e-003
 153    2.868750095367e-001 -7.975318469107e-003
 154    2.887499928474e-001 -8.062043227255e-003
 155    2.906250059605e-001 -8.149148896337e-003
 156    2.924999892712e-001 -8.236636407673e-003
 157    2.943750023842e-001 -8.324508555233e-003
 158    2.962499856949e-001 -8.412764407694e-003
 159    2.981249988079e-001 -8.501405827701e-003
 160    3.000000119209e-001 -8.590432815254e-003
 161    3.018749952316e-001 -8.679846301675e-003
 162    3.037500083447e-001 -8.769647218287e-003
 163    3.056249916553e-001 -8.859832771122e-003
 164    3.075000047684e-001 -8.950404822826e-003
 165    3.093749880791e-001 -9.041362442076e-003
 166    3.112500011921e-001 -9.132702834904e-003
 167    3.131250143051e-001 -9.224426001310e-003
 168    3.149999976158e-001 -9.316530078650e-003
 169    3.168750107288e-001 -9.409015066922e-003
 170    3.187499940395e-001 -9.501878172159e-003
 171    3.206250071526e-001 -9.595118463039e-003
 172    3.224999904633e-001 -9.688734076917e-003
 173    3.243750035763e-001 -9.782725013793e-003
 174    3.262499868870e-001 -9.877089411020e-003
 175    3.281250000000e-001 -9.971827268600e-003
 176    3.300000131130e-001 -1.006693765521e-002
 177    3.318749964237e-001 -1.016241870821e-002
 178    3.337500095367e-001 -1.025827229023e-002
 179    3.356249928474e-001 -1.035449653864e-002
 180    3.375000059605e-001 -1.045109238476e-002
 181    3.393749892712e-001 -1.054805889726e-002
 182    3.412500023842e-001 -1.064539700747e-002
 183    3.431249856949e-001 -1.074310578406e-002
 184    3.449999988079e-001 -1.084118522704e-002
 185    3.468750119209e-001 -1.093963626772e-002
 186    3.487499952316e-001 -1.103845704347e-002
 187    3.506250083447e-001 -1.113764848560e-002
 188    3.524999916553e-001 -1.123720873147e-002
 189    3.543750047684e-001 -1.133713778108e-002
 190    3.562499880791e-001 -1.143743470311e-002
 191    3.581250011921e-001 -1.153809856623e-002
 192    3.600000143051e-001 -1.163912843913e-002
 193    3.618749976158e-001 -1.174052245915e-002
 194    3.637500107288e-001 -1.184228062630e-002
 195    3.656249940395e-001 -1.194440107793e-002
 196    3.675000071526e-001 -1.204688288271e-002
 197    3.693749904633e-001 -1.214972510934e-002
 198    3.712500035763e-001 -1.225292682648e-002
 199    3.731249868870e-001 -1.235648710281e-002
 200    3.750000000000e-001 -1.246040593833e-002
 201    3.768750131130e-001 -1.256468333304e-002
 202    3.787499964237e-001 -1.266931742430e-002
 203    3.806250095367e-001 -1.277431007475e-002
 204    3.824999928474e-001 -1.287966035306e-002
 205    3.843750059605e-001 -1.298536825925e-002
 206    3.862499892712e-001 -1.309143472463e-002
 207    3.881250023842e-001 -1.319786068052e-002
 208    3.899999856949e-001 -1.330464519560e-002
 209    3.918749988079e-001 -1.341179013252e-002
 210    3.937500119209e-001 -1.351929455996e-002
 211    3.956249952316e-001 -1.362715940922e-002
 212    3.975000083447e-001 -1.373538468033e-002
 213    3.993749916553e-001 -1.384397037327e-002
 214    4.012500047684e-001 -1.395291741937e-002
 215    4.031249880791e-001 -1.406222395599e-002
 216    4.050000011921e-001 -1.417188998312e-002
 217    4.068750143051e-001 -1.428191550076e-002
 218    4.087499976158e-001 -1.439229957759e-002
 219    4.106250107288e-001 -1.450304128230e-002
 220    4.124999940395e-001 -1.461413968354e-002
 221    4.143750071526e-001 -1.472559385002e-002
 222    4.162499904633e-001 -1.483740285039e-002
 223    4.181250035763e-001 -1.494956575334e-002
 224    4.199999868870e-001 -1.506208162755e-002
 225    4.218750000000e-001 -1.517494954169e-002
 226    4.237500131130e-001 -1.528816949576e-002
 227    4.256249964237e-001 -1.540173962712e-002
 228    4.275000095367e-001 -1.551565993577e-002
 229    4.293749928474e-001 -1.562992855906e-002
 230    4.312500059605e-001 -1.574454829097e-002
 231    4.331249892712e-001 -1.585951633751e-002
 232    4.350000023842e-001 -1.597483456135e-002
 233    4.368749856949e-001 -1.609050109982e-002
 234    4.387499988079e-001 -1.620651595294e-002
 235    4.406250119209e-001 -1.632288098335e-002
 236    4.424999952316e-001 -1.643959432840e-002
 237    4.443750083447e-001 -1.655665785074e-002
 238    4.462499916553e-001 -1.667406968772e-002
 239    4.481250047684e-001 -1.679182983935e-002
 240    4.499999880791e-001 -1.690993830562e-002
 241    4.518750011921e-001 -1.702839694917e-002
 242    4.537500143051e-001 -1.714720204473e-002
 243    4.556249976158e-001 -1.726635359228e-002
 244    4.575000107288e-001 -1.738585345447e-002
 245    4.593749940395e-001 -1.750569976866e-002
 246    4.612500071526e-001 -1.762588880956e-002
 247    4.631249904633e-001 -1.774642430246e-002
 248    4.650000035763e-001 -1.786730438471e-002
 249    4.668749868870e-001 -1.798852719367e-002
 250    4.687500000000e-001 -1.811009086668e-002
 251    4.706250131130e-001 -1.823199726641e-002
 252    4.724999964237e-001 -1.835424639285e-002
 253    4.743750095367e-001 -1.847683452070e-002
 254    4.762499928474e-001 -1.859976164997e-002
 255    4.781250059605e-001 -1.872302964330e-002
 256    4.799999892712e-001 -1.884663663805e-002
 257    4.818750023842e-001 -1.897058449686e-002
 258    4.837499856949e-001 -1.909486949444e-002
 259    4.856249988079e-001 -1.921949349344e-002
 260    4.875000119209e-001 -1.934445835650e-002
 261    4.893749952316e-001 -1.946976035833e-002
 262    4.912500083447e-001 -1.959540136158e-002
 263    4.931249916553e-001 -1.972138136625e-002
 264    4.950000047684e-001 -1.984769850969e-002
 265    4.968749880791e-001 -1.997435651720e-002
 266    4.987500011921e-001 -2.010135166347e-002
 267    5.006250143051e-001 -2.022868394852e-002
 268    5.024999976158e-001 -2.035635523498e-002
 269    5.043749809265e-001 -2.048436366022e-002
 270    5.062500238419e-001 -2.061270736158e-002
 271    5.081250071526e-001 -2.074139006436e-002
 272    5.099999904633e-001 -2.087040618062e-002
 273    5.118749737740e-001 -2.099975943565e-002
 274    5.137500166893e-001 -2.112944610417e-002
 275    5.156250000000e-001 -2.125946804881e-002
 276    5.174999833107e-001 -2.138982154429e-002
 277    5.193750262260e-001 -2.152051031590e-002
 278    5.212500095367e-001 -2.165153063834e-002
 279    5.231249928474e-001 -2.178288437426e-002
 280    5.249999761581e-001 -2.191456966102e-002
 281    5.268750190735e-001 -2.204658649862e-002
 282    5.287500023842e-001 -2.217893488705e-002
 283    5.306249856949e-001 -2.231161482632e-002
 284    5.325000286102e-001 -2.244462445378e-002
 285    5.343750119209e-001 -2.257796749473e-002
 286    5.362499952316e-001 -2.271164022386e-002
 287    5.381249785423e-001 -2.284564264119e-002
 288    5.400000214577e-001 -2.297997660935e-002
 289    5.418750047684e-001 -2.311464212835e-002
 290    5.437499880791e-001 -2.324963547289e-002
 291    5.456249713898e-001 -2.338496036828e-002
 292    5.475000143051e-001 -2.352061495185e-002
 293    5.493749976158e-001 -2.365659736097e-002
 294    5.512499809265e-001 -2.379290945828e-002
 295    5.531250238419e-001 -2.392954938114e-002
 296    5.550000071526e-001 -2.406651526690e-002
 297    5.568749904633e-001 -2.420380897820e-002
 298    5.587499737740e-001 -2.434142865241e-002
 299    5.606250166893e-001 -2.447937242687e-002
 300    5.625000000000e-001 -2.461764216423e-002
 301    5.643749833107e-001 -2.475623413920e-002
 302    5.662500262260e-001 -2.489515021443e-002
 303    5.681250095367e-001 -2.503438666463e-002
 304    5.699999928474e-001 -2.517394535244e-002
 305    5.718749761581e-001 -2.531382627785e-002
 306    5.737500190735e-001 -2.545402757823e-002
 307    5.756250023842e-001 -2.559454925358e-002
 308    5.774999856949e-001 -2.573539130390e-002
 309    5.793750286102e-001 -2.587655186653e-002
 310    5.812500119209e-001 -2.601803280413e-002
 311    5.831249952316e-001 -2.615983411670e-002
 312    5.849999785423e-001 -2.630195394158e-002
 313    5.868750214577e-001 -2.644439414144e-002
 314    5.887500047684e-001 -2.658715285361e-002
 315    5.906249880791e-001 -2.673023194075e-002
 316    5.924999713898e-001 -2.687362954021e-002
 317    5.943750143051e-001 -2.701734565198e-002
 318    5.962499976158e-001 -2.716138213873e-002
 319    5.981249809265e-001 -2.730573713779e-002
 320    6.000000238419e-001 -2.745041064918e-002
 321    6.018750071526e-001 -2.759540081024e-002
 322    6.037499904633e-001 -2.774071134627e-002
 323    6.056249737740e-001 -2.788633853197e-002
 324    6.075000166893e-001 -2.803228236735e-002
 325    6.093750000000e-001 -2.817854285240e-002
 326    6.112499833107e-001 -2.832511998713e-002
 327    6.131250262260e-001 -2.847201190889e-002
 328    6.150000095367e-001 -2.861922048032e-002
 329    6.168749928474e-001 -2.876674011350e-002
 330    6.187499761581e-001 -2.891457639635e-002
 331    6.206250190735e-001 -2.906272374094e-002
 332    6.225000023842e-001 -2.921118587255e-002
 333    6.243749856949e-001 -2.935995906591e-002
 334    6.262500286102e-001 -2.950904518366e-002
 335    6.281250119209e-001 -2.965844050050e-002
 336    6.299999952316e-001 -2.980814874172e-002
 337    6.318749785423e-001 -2.995816804469e-002
 338    6.337500214577e-001 -3.010849654675e-002
 339    6.356250047684e-001 -3.025913611054e-002
 340    6.374999880791e-001 -3.041008487344e-002
 341    6.393749713898e-001 -3.056134469807e-002
 342    6.412500143051e-001 -3.071291185915e-002
 343    6.431249976158e-001 -3.086478821933e-002
 344    6.449999809265e-001 -3.101697191596e-002
 345    6.468750238419e-001 -3.116946294904e-002
 346    6.487500071526e-001 -3.132226318121e-002
 347    6.506249904633e-001 -3.147536888719e-002
 348    6.524999737740e-001 -3.162878006697e-002
 349    6.543750166893e-001 -3.178249672055e-002
 350    6.562500000000e-001 -3.193651884794e-002
 351    6.581249833107e-001 -3.209084272385e-002
 352    6.600000262260e-001 -3.224546834826e-002
 353    6.618750095367e-001 -3.240039944649e-002
 354    6.637499928474e-001 -3.255563229322e-002
 355    6.656249761581e-001 -3.271116316319e-002
 356    6.675000190735e-001 -3.286699578166e-002
 357    6.693750023842e-001 -3.302313014865e-002
 358    6.712499856949e-001 -3.317955881357e-002
 359    6.731250286102e-001 -3.333628922701e-002
 360    6.750000119209e-001 -3.349331766367e-002
 361    6.768749952316e-001 -3.365064412355e-002
 362    6.787499785423e-001 -3.380826860666e-002
 363    6.806250214577e-001 -3.396618738770e-002
 364    6.825000047684e-001 -3.412440791726e-002
 365    6.843749880791e-001 -3.428292274475e-002
 366    6.862499713898e-001 -3.444173559546e-002
 367    6.881250143051e-001 -3.460084274411e-002
 368    6.899999976158e-001 -3.476025164127e-002
 369    6.918749809265e-001 -3.491995483637e-002
 370    6.937500238419e-001 -3.507995605469e-002
 371    6.956250071526e-001 -3.524025529623e-002
 372    6.974999904633e-001 -3.540084883571e-002
 373    6.993749737740e-001 -3.556174039841e-002
 374    7.012500166893e-001 -3.572292625904e-002
 375    7.031250000000e-001 -3.588441014290e-002
 376    7.049999833107e-001 -3.604618832469e-002
 377    7.068750262260e-001 -3.620826452971e-002
 378    7.087500095367e-001 -3.637063130736e-002
 379    7.106249928474e-001 -3.653329610825e-002
 380    7.124999761581e-001 -3.669625148177e-002
 381    7.143750190735e-001 -3.685950115323e-002
 382    7.162500023842e-001 -3.702304512262e-002
 383    7.181249856949e-001 -3.718687966466e-002
 384    7.200000286102e-001 -3.735100477934e-002
 385    7.218750119209e-001 -3.751542046666e-002
 386    7.237499952316e-001 -3.768012672663e-002
 387    7.256249785423e-001 -3.784512355924e-002
 388    7.275000214577e-001 -3.801040723920e-002
 389    7.293750047684e-001 -3.817597776651e-002
 390    7.312499880791e-001 -3.834183886647e-002
 391    7.331249713898e-001 -3.850798308849e-002
 392    7.350000143051e-001 -3.867441788316e-002
 393    7.368749976158e-001 -3.884113579988e-002
 394    7.387499809265e-001 -3.900814056396e-002
 395    7.406250238419e-001 -3.917542845011e-002
 396    7.425000071526e-001 -3.934300318360e-002
 397    7.443749904633e-001 -3.951086103916e-002
 398    7.462499737740e-001 -3.967900201678e-002
 399    7.481250166893e-001 -3.984742611647e-002
 400    7.500000000000e-001 -4.001613333821e-002
 401    7.518749833107e-001 -4.018512740731e-002
 402    7.537500262260e-001 -4.035440087318e-002
 403    7.556250095367e-001 -4.052395373583e-002
 404    7.574999928474e-001 -4.069379344583e-002
 405    7.593749761581e-001 -4.086391255260e-002
 406    7.612500190735e-001 -4.103431105614e-002
 407    7.631250023842e-001 -4.120499268174e-002
 408    7.649999856949e-001 -4.137595370412e-002
 409    7.668750286102e-001 -4.154719784856e-002
 410    7.687500119209e-001 -4.171871766448e-002
 411    7.706249952316e-001 -4.189052060246e-002
 412    7.724999785423e-001 -4.206260293722e-002
 413    7.743750214577e-001 -4.223496094346e-002
 414    7.762500047684e-001 -4.240760207176e-002
 415    7.781249880791e-001 -4.258051887155e-002
 416    7.799999713898e-001 -4.275371506810e-002
 417    7.818750143051e-001 -4.292719066143e-002
 418    7.837499976158e-001 -4.310094192624e-002
 419    7.856249809265e-001 -4.327496886253e-002
 420    7.875000238419e-001 -4.344927519560e-002
 421    7.893750071526e-001 -4.362385347486e-002
 422    7.912499904633e-001 -4.379871115088e-002
 423    7.931249737740e-001 -4.397384077311e-002
 424    7.950000166893e-001 -4.414924606681e-002
 425    7.968750000000e-001 -4.432492703199e-002
 426    7.987499833107e-001 -4.450087994337e-002
 427    8.006250262260e-001 -4.467710480094e-002
 428    8.025000095367e-001 -4.485359787941e-002
 429    8.043749928474e-001 -4.503036662936e-002
 430    8.062499761581e-001 -4.520740360022e-002
 431    8.081250190735e-001 -4.538471251726e-002
 432    8.100000023842e-001 -4.556228965521e-002
 433    8.118749856949e-001 -4.574013501406e-002
 434    8.137500286102e-001 -4.591824859381e-002
 435    8.156250119209e-001 -4.609662666917e-002
 436    8.174999952316e-001 -4.627527669072e-002
 437    8.193749785423e-001 -4.645419120789e-002
 438    8.212500214577e-001 -4.663337022066e-002
 439    8.231250047684e-001 -4.681281372905e-002
 440    8.249999880791e-001 -4.699252545834e-002
 441    8.268749713898e-001 -4.717250168324e-002
 442    8.287500143051e-001 -4.735274240375e-002
 443    8.306249976158e-001 -4.753324761987e-002
 444    8.324999809265e-001 -4.771401733160e-002
 445    8.343750238419e-001 -4.789505153894e-002
 446    8.362500071526e-001 -4.807635024190e-002
 447    8.381249904633e-001 -4.825790971518e-002
 448    8.399999737740e-001 -4.843973368406e-002
 449    8.418750166893e-001 -4.862182214856e-002
 450    8.437500000000e-001 -4.880417138338e-002
 451    8.456249833107e-001 -4.898678511381e-002
 452    8.475000262260e-001 -4.916965961456e-002
 453    8.493750095367e-001 -4.935279488564e-002
 454    8.512499928474e-001 -4.953619092703e-002
 455    8.531249761581e-001 -4.971985146403e-002
 456    8.550000190735e-001 -4.990376904607e-002
 457    8.568750023842e-001 -5.008794739842e-002
 458    8.587499856949e-001 -5.027238652110e-002
 459    8.606250286102e-001 -5.045708268881e-002
 460    8.625000119209e-001 -5.064203590155e-002
 461    8.643749952316e-001 -5.082724988461e-002
 462    8.662499785423e-001 -5.101272091269e-002
 463    8.681250214577e-001 -5.119844898582e-002
 464    8.700000047684e-001 -5.138443037868e-002
 465    8.718749880791e-001 -5.157067254186e-002
 466    8.737499713898e-001 -5.175716429949e-002
 467    8.756250143051e-001 -5.194391310215e-002
 468    8.774999976158e-001 -5.213091894984e-002
 469    8.793749809265e-001 -5.231817439198e-002
 470    8.812500238419e-001 -5.250568315387e-002
 471    8.831250071526e-001 -5.269344523549e-002
 472    8.849999904633e-001 -5.288146063685e-002
 473    8.868749737740e-001 -5.306972563267e-002
 474    8.887500166893e-001 -5.325824394822e-002
 475    8.906250000000e-001 -5.344701185822e-002
 476    8.924999833107e-001 -5.363602936268e-002
 477    8.943750262260e-001 -5.382529646158e-002
 478    8.962500095367e-001 -5.401481315494e-002
 479    8.981249928474e-001 -5.420457571745e-002
 480    8.999999761581e-001 -5.439458787441e-002
 481    9.018750190735e-001 -5.458484590054e-002
 482    9.037500023842e-001 -5.477535352111e-002
 483    9.056249856949e-001 -5.496610701084e-002
 484    9.075000286102e-001 -5.515710264444e-002
 485    9.093750119209e-001 -5.534834414721e-002
 486    9.112499952316e-001 -5.553983151913e-002
 487    9.131249785423e-001 -5.573156103492e-002
 488    9.150000214577e-001 -5.592353641987e-002
 489    9.168750047684e-001 -5.611575394869e-002
 490    9.187499880791e-001 -5.630821362138e-002
 491    9.206249713898e-001 -5.650091543794e-002
 492    9.225000143051e-001 -5.669385567307e-002
 493    9.243749976158e-001 -5.688704177737e-002
 494    9.262499809265e-001 -5.708046257496e-002
 495    9.281250238419e-001 -5.727412924170e-002
 496    9.300000071526e-001 -5.746803060174e-002
 497    9.318749904633e-001 -5.766217410564e-002
 498    9.337499737740e-001 -5.785655602813e-002
 499    9.356250166893e-001 -5.805117636919e-002
 500    9.375000000000e-001 -5.824603885412e-002
 501    9.393749833107e-001 -5.844113230705e-002
 502    9.412500262260e-001 -5.863646790385e-002
 503    9.431250095367e-001 -5.883203819394e-002
 504    9.449999928474e-001 -5.902784690261e-002
 505    9.468749761581e-001 -5.922389030457e-002
 506    9.487500190735e-001 -5.942017212510e-002
 507    9.506250023842e-001 -5.961668863893e-002
 508    9.524999856949e-001 -5.981343984604e-002
 509    9.543750286102e-001 -6.001042574644e-002
 510    9.562500119209e-001 -6.020764634013e-002
 511    9.581249952316e-001 -6.040509790182e-002
 512    9.599999785423e-001 -6.060278788209e-002
 513    9.618750214577e-001 -6.080070510507e-002
 514    9.637500047684e-001 -6.099886074662e-002
 515    9.656249880791e-001 -6.119724363089e-002
 516    9.674999713898e-001 -6.139586120844e-002
 517    9.693750143051e-001 -6.159470602870e-002
 518    9.712499976158e-001 -6.179378554225e-002
 519    9.731249809265e-001 -6.199309229851e-002
 520    9.750000238419e-001 -6.219263002276e-002
 521    9.768750071526e-001 -6.239239498973e-002
 522    9.787499904633e-001 -6.259238719940e-002
 523    9.806249737740e-001 -6.279261410236e-002
 524    9.825000166893e-001 -6.299306452274e-002
 525    9.843750000000e-001 -6.319373846054e-002
 526    9.862499833107e-001 -6.339464336634e-002
 527    9.881250262260e-001 -6.359577178955e-002
 528    9.900000095367e-001 -6.379713118076e-002
 529    9.918749928474e-001 -6.399870663881e-002
 530    9.937499761581e-001 -6.420051306486e-002
 531    9.956250190735e-001 -6.440253555775e-002
 532    9.975000023842e-001 -6.460478901863e-002
 533    9.993749856949e-001 -6.480726599693e-002
 534    1.001250028610e+000 -6.500995904207e-002
 535    1.003124952316e+000 -6.521287560463e-002
 536    1.004999995232e+000 -6.541601568460e-002
 537    1.006875038147e+000 -6.561937183142e-002
 538    1.008749961853e+000 -6.582295149565e-002
 539    1.010625004768e+000 -6.602674722672e-002
 540    1.012500047684e+000 -6.623075902462e-002
 541    1.014374971390e+000 -6.643499433994e-002
 542    1.016250014305e+000 -6.663945317268e-002
 543    1.018125057220e+000 -6.684412062168e-002
 544    1.019999980927e+000 -6.704900413752e-002
 545    1.021875023842e+000 -6.725411117077e-002
 546    1.023749947548e+000 -6.745943427086e-002
 547    1.025624990463e+000 -6.766496598721e-002
 548    1.027500033379e+000 -6.787071377039e-002
 549    1.029374957085e+000 -6.807668507099e-002
 550    1.031250000000e+000 -6.828286498785e-002
 551    1.033125042915e+000 -6.848925352097e-002
 552    1.034999966621e+000 -6.869586557150e-002
 553    1.036875009537e+000 -6.890268623829e-002
 554    1.038750052452e+000 -6.910971552134e-002
 555    1.040624976158e+000 -6.931696087122e-002
 556    1.042500019073e+000 -6.952442228794e-002
 557    1.044374942780e+000 -6.973209232092e-002
 558    1.046249985695e+000 -6.993997097015e-002
 559    1.048125028610e+000 -7.014806568623e-002
 560    1.049999952316e+000 -7.035636156797e-002
 561    1.051874995232e+000 -7.056487351656e-002
 562    1.053750038147e+000 -7.077359408140e-002
 563    1.055624961853e+000 -7.098252326250e-002
 564    1.057500004768e+000 -7.119166105986e-002
 565    1.059375047684e+000 -7.140100747347e-002
 566    1.061249971390e+000 -7.161055505276e-002
 567    1.063125014305e+000 -7.182031869888e-002
 568    1.065000057220e+000 -7.203028351068e-002
 569    1.066874980927e+000 -7.224045693874e-002
 570    1.068750023842e+000 -7.245083153248e-002
 571    1.070624947548e+000 -7.266142219305e-002
 572    1.072499990463e+000 -7.287220656872e-002
 573    1.074375033379e+000 -7.308319956064e-002
 574    1.076249957085e+000 -7.329440116882e-002
 575    1.078125000000e+000 -7.350579649210e-002
 576    1.080000042915e+000 -7.371740043163e-002
 577    1.081874966621e+000 -7.392921298742e-002
 578    1.083750009537e+000 -7.414121925831e-002
 579    1.085625052452e+000 -7.435343414545e-002
 580    1.087499976158e+000 -7.456585019827e-002
 581    1.089375019073e+000 -7.477845996618e-002
 582    1.091249942780e+000 -7.499127835035e-002
 583    1.093124985695e+000 -7.520429790020e-002
 584    1.095000028610e+000 -7.541751116514e-002
 585    1.096874952316e+000 -7.563092559576e-002
 586    1.098749995232e+000 -7.584454119205e-002
 587    1.100625038147e+000 -7.605835050344e-002
 588    1.102499961853e+000 -7.627236098051e-002
 589    1.104375004768e+000 -7.648656517267e-002
 590    1.106250047684e+000 -7.670097053051e-002
 591    1.108124971390e+000 -7.691556960344e-002
 592    1.110000014305e+000 -7.713036239147e-002
 593    1.111875057220e+000 -7.734535634518e-002
 594    1.113749980927e+000 -7.756053656340e-002
 595    1.115625023842e+000 -7.777591049671e-002
 596    1.117499947548e+000 -7.799147814512e-002
 597    1.119374990463e+000 -7.820723950863e-002
 598    1.121250033379e+000 -7.842319458723e-002
 599    1.123124957085e+000 -7.863934338093e-002
 600    1.125000000000e+000 -7.885567843914e-002
 601    1.126875042915e+000 -7.907219976187e-002
 602    1.128749966621e+000 -7.928891479969e-002
 603    1.130625009537e+000 -7.950582355261e-002
 604    1.132500052452e+000 -7.972291857004e-002
 605    1.134374976158e+000 -7.994019985199e-002
 606    1.136250019073e+000 -8.015767484903e-002
 607    1.138124942780e+000 -8.037532866001e-002
 608    1.139999985695e+000 -8.059317618608e-002
 609    1.141875028610e+000 -8.081120997667e-002
 610    1.143749952316e+000 -8.102943748236e-002
 611    1.145624995232e+000 -8.124784380198e-002
 612    1.147500038147e+000 -8.146643638611e-002
 613    1.149374961853e+000 -8.168521523476e-002
 614    1.151250004768e+000 -8.190418034792e-002
 615    1.153125047684e+000 -8.212333172560e-002
 616    1.154999971390e+000 -8.234266936779e-002
 617    1.156875014305e+000 -8.256218582392e-002
 618    1.158750057220e+000 -8.278188854456e-002
 619    1.160624980927e+000 -8.300177007914e-002
 620    1.162500023842e+000 -8.322183787823e-002
 621    1.164374947548e+000 -8.344209194183e-002
 622    1.166249990463e+000 -8.366252481937e-002
 623    1.168125033379e+000 -8.388313651085e-002
 624    1.169999957085e+000 -8.410392701626e-002
 625    1.171875000000e+000 -8.432490378618e-002
 626    1.173750042915e+000 -8.454605937004e-002
 627    1.175624966621e+000 -8.476738631725e-002
 628    1.177500009537e+000 -8.498889952898e-002
 629    1.179375052452e+000 -8.521058410406e-002
 630    1.181249976158e+000 -8.543244749308e-002
 631    1.183125019073e+000 -8.565448969603e-002
 632    1.184999942780e+000 -8.587671071291e-002
 633    1.186874985695e+000 -8.609910309315e-002
 634    1.188750028610e+000 -8.632167428732e-002
 635    1.190624952316e+000 -8.654441684484e-002
 636    1.192499995232e+000 -8.676733821630e-002
 637    1.194375038147e+000 -8.699043095112e-002
 638    1.196249961853e+000 -8.721369504929e-002
 639    1.198125004768e+000 -8.743713051081e-002
 640    1.200000047684e+000 -8.766074478626e-002
 641    1.201874971390e+000 -8.788452297449e-002
 642    1.203750014305e+000 -8.810847997665e-002
 643    1.205625057220e+000 -8.833260834217e-002
 644    1.207499980927e+000 -8.855690062046e-002
 645    1.209375023842e+000 -8.878137171268e-002
 646    1.211249947548e+000 -8.900600671768e-002
 647    1.213124990463e+000 -8.923081308603e-002
 648    1.215000033379e+000 -8.945579081774e-002
 649    1.216874957085e+000 -8.968093246222e-002
 650    1.218750000000e+000 -8.990624547005e-002
 651    1.220625042915e+000 -9.013172984123e-002
 652    1.222499966621e+000 -9.035737812519e-002
 653    1.224375009537e+000 -9.058319032192e-002
 654    1.226250052452e+000 -9.080917388201e-002
 655    1.228124976158e+000 -9.103532135487e-002
 656    1.230000019073e+000 -9.126164019108e-002
 657    1.231874942780e+000 -9.148811548948e-002
 658    1.233749985695e+000 -9.171476215124e-002
 659    1.235625028610e+000 -9.194157272577e-002
 660    1.237499952316e+000 -9.216854721308e-002
 661    1.239374995232e+000 -9.239567816257e-002
 662    1.241250038147e+000 -9.262298047543e-002
 663    1.243124961853e+000 -9.285044670105e-002
 664    1.245000004768e+000 -9.307806938887e-002
 665    1.246875047684e+000 -9.330585598946e-002
 666    1.248749971390e+000 -9.353380650282e-002
 667    1.250625014305e+000 -9.376191347837e-002
 668    1.252500057220e+000 -9.399018436670e-002
 669    1.254374980927e+000 -9.421861171722e-002
 670    1.256250023842e+000 -9.444719552994e-002
 671    1.258124947548e+000 -9.467594325542e-002
 672    1.259999990463e+000 -9.490484744310e-002
 673    1.261875033379e+000 -9.513391554356e-002
 674    1.263749957085e+000 -9.536313265562e-002
 675    1.265625000000e+000 -9.559251368046e-002
 676    1.267500042915e+000 -9.582204371691e-002
 677    1.269374966621e+000 -9.605173766613e-002
 678    1.271250009537e+000 -9.628158062696e-002
 679    1.273125052452e+000 -9.651158750057e-002
 680    1.274999976158e+000 -9.674174338579e-002
 681    1.276875019073e+000 -9.697205573320e-002
 682    1.278749942780e+000 -9.720251709223e-002
 683    1.280624985695e+000 -9.743314236403e-002
 684    1.282500028610e+000 -9.766390919685e-002
 685    1.284374952316e+000 -9.789483994246e-002
 686    1.286249995232e+000 -9.812591224909e-002
 687    1.288125038147e+000 -9.835714846849e-002
 688    1.289999961853e+000 -9.858852624893e-002
 689    1.291875004768e+000 -9.882006049156e-002
 690    1.293750047684e+000 -9.905174374580e-002
 691    1.295624971390e+000 -9.928357601166e-002
 692    1.297500014305e+000 -9.951555728912e-002
 693    1.299375057220e+000 -9.974768757820e-002
 694    1.301249980927e+000 -9.997997432947e-002
 695    1.303125023842e+000 -1.002124026418e-001
 696    1.304999947548e+000 -1.004449799657e-001
 697    1.306874990463e+000 -1.006777063012e-001
 698    1.308750033379e+000 -1.009105816483e-001
 699    1.310624957085e+000 -1.011435985565e-001
 700    1.312500000000e+000 -1.013767644763e-001
 701    1.314375042915e+000 -1.016100794077e-001
 702    1.316249966621e+000 -1.018435433507e-001
 703    1.318125009537e+000 -1.020771488547e-001
 704    1.320000052452e+000 -1.023108959198e-001
 705    1.321874976158e+000 -1.025447919965e-001
 706    1.323750019073e+000 -1.027788296342e-001
 707    1.325624942780e+000 -1.030130162835e-001
 708    1.327499985695e+000 -1.032473444939e-001
 709    1.329375028610e+000 -1.034818142653e-001
 710    1.331249952316e+000 -1.037164255977e-001
 711    1.333124995232e+000 -1.039511859417e-001
 712    1.335000038147e+000 -1.041860803962e-001
 713    1.336874961853e+000 -1.044211238623e-001
 714    1.338750004768e+000 -1.046563014388e-001
 715    1.340625047684e+000 -1.048916280270e-001
 716    1.342499971390e+000 -1.051270887256e-001
 717    1.344375014305e+000 -1.053626984358e-001
 718    1.346250057220e+000 -1.055984348059e-001
 719    1.348124980927e+000 -1.058343201876e-001
 720    1.350000023842e+000 -1.060703396797e-001
 721    1.351874947548e+000 -1.063065007329e-001
 722    1.353749990463e+000 -1.065428033471e-001
 723    1.355625033379e+000 -1.067792326212e-001
 724    1.357499957085e+000 -1.070158109069e-001
 725    1.359375000000e+000 -1.072525158525e-001
 726    1.361250042915e+000 -1.074893623590e-001
 727    1.363124966621e+000 -1.077263429761e-001
 728    1.365000009537e+000 -1.079634577036e-001
 729    1.366875052452e+000 -1.082007065415e-001
 730    1.368749976158e+000 -1.084380969405e-001
 731    1.370625019073e+000 -1.086756139994e-001
 732    1.372499942780e+000 -1.089132651687e-001
 733    1.374374985695e+000 -1.091510504484e-001
 734    1.376250028610e+000 -1.093889698386e-001
 735    1.378124952316e+000 -1.096270233393e-001
 736    1.379999995232e+000 -1.098652034998e-001
 737    1.381875038147e+000 -1.101035177708e-001
 738    1.383749961853e+000 -1.103419661522e-001
 739    1.385625004768e+000 -1.105805411935e-001
 740    1.387500047684e+000 -1.108192503452e-001
 741    1.389374971390e+000 -1.110580861568e-001
 742    1.391250014305e+000 -1.112970486283e-001
 743    1.393125057220e+000 -1.115361452103e-001
 744    1.394999980927e+000 -1.117753684521e-001
 745    1.396875023842e+000 -1.120147258043e-001
 746    1.398749947548e+000 -1.122542023659e-001
 747    1.400624990463e+000 -1.124938130379e-001
 748    1.402500033379e+000 -1.127335503697e-001
 749    1.404374957085e+000 -1.129734143615e-001
 750    1.406250000000e+000 -1.132134050131e-001
 751    1.408125042915e+000 -1.134535223246e-001
 752    1.409999966621e+000 -1.136937588453e-001
 753    1.411875009537e+000 -1.139341294765e-001
 754    1.413750052452e+000 -1.141746193171e-001
 755    1.415624976158e+000 -1.144152358174e-001
 756    1.417500019073e+000 -1.146559789777e-001
 757    1.419374942780e+000 -1.148968413472e-001
 758    1.421249985695e+000 -1.151378303766e-001
 759    1.423125028610e+000 -1.153789386153e-001
 760    1.424999952316e+000 -1.156201735139e-001
 761    1.426874995232e+000 -1.158615350723e-001
 762    1.428750038147e+000 -1.161030083895e-001
 763    1.430624961853e+000 -1.163446083665e-001
 764    1.432500004768e+000 -1.165863275528e-001
 765    1.434375047684e+000 -1.168281659484e-001
 766    1.436249971390e+000 -1.170701310039e-001
 767    1.438125014305e+000 -1.173122152686e-001
 768    1.440000057220e+000 -1.175544112921e-001
 769    1.441874980927e+000 -1.177967339754e-001
 770    1.443750023842e+000 -1.180391758680e-001
 771    1.445624947548e+000 -1.182817295194e-001
 772    1.447499990463e+000 -1.185244098306e-001
 773    1.449375033379e+000 -1.187672019005e-001
 774    1.451249957085e+000 -1.190101131797e-001
 775    1.453125000000e+000 -1.192531436682e-001
 776    1.455000042915e+000 -1.194962933660e-001
 777    1.456874966621e+000 -1.197395548224e-001
 778    1.458750009537e+000 -1.199829354882e-001
 779    1.460625052452e+000 -1.202264279127e-001
 780    1.462499976158e+000 -1.204700395465e-001
 781    1.464375019073e+000 -1.207137703896e-001
 782    1.466249942780e+000 -1.209576129913e-001
 783    1.468124985695e+000 -1.212015673518e-001
 784    1.470000028610e+000 -1.214456409216e-001
 785    1.471874952316e+000 -1.216898262501e-001
 786    1.473749995232e+000 -1.219341233373e-001
 787    1.475625038147e+000 -1.221785321832e-001
 788    1.477499961853e+000 -1.224230527878e-001
 789    1.479375004768e+000 -1.226676926017e-001
 790    1.481250047684e+000 -1.229124441743e-001
 791    1.483124971390e+000 -1.231573000550e-001
 792    1.485000014305e+000 -1.234022751451e-001
 793    1.486875057220e+000 -1.236473545432e-001
 794    1.488749980927e+000 -1.238925457001e-001
 795    1.490625023842e+000 -1.241378486156e-001
 796    1.492499947548e+000 -1.243832632899e-001
 797    1.494374990463e+000 -1.246287822723e-001
 798    1.496250033379e+000 -1.248744130135e-001
 799    1.498124957085e+000 -1.251201480627e-001
 800    1.500000000000e+000 -1.253660023212e-001
