3622    0.000000000000e+000  9.671065258026e+002
 4282    2.500003576279e-002  6.944796679687e+002
 383    5.000001192093e-002  7.528253292847e+002
 2078    7.499998807907e-002  5.569883166504e+002
 1868    1.000000238419e-001  5.359597453308e+002
 2097    1.250000000000e-001  4.758088375854e+002
 1881    1.500000357628e-001  4.318596310425e+002
 2333    1.750000119209e-001  3.785904421997e+002
 1908    1.999999880791e-001  3.315353842163e+002
 2352    2.250000238419e-001  2.843467123413e+002
 1921    2.500000000000e-001  2.401755614471e+002
 2588    2.750000357628e-001  1.984689057922e+002
 1811    3.000000119209e-001  1.566596192932e+002
 2607    3.249999880791e-001  1.191156039429e+002
 1961    3.499999642372e-001  7.714980455399e+001
 2843    3.750000596046e-001  4.716339206696e+001
 1988    4.000000357628e-001  4.678438868523e+000
 2862    4.250000119209e-001 -1.997763324976e+000
 2001    4.499999880791e-001 -1.062031401604e+001
 3098    4.749999642372e-001 -1.223913020551e+001
 2028    5.000000596046e-001 -6.912643619627e-001
 3117    5.250000357628e-001 -3.732793892473e+000
 386    5.500000119209e-001  7.409499366581e-001
