 0    0.000000000000e+000  0.000000000000e+000
 1    6.779627970133e-010  1.065608789965e-003
 2    1.426294993223e-008  2.040242056623e-002
 3    1.388219317278e-007  1.780982189537e-001
 4    8.290776349895e-007  9.362172954216e-001
 5    3.403973778404e-006  3.304058326625e+000
 6    1.024280118145e-005  8.311447413053e+000
 7    2.371599111939e-005  1.569530985218e+001
 8    4.452664870769e-005  2.405832535947e+001
 9    7.250295311678e-005  3.383117489132e+001
 10    1.099743603845e-004  4.791872581889e+001
 11    1.615813380340e-004  6.619962978002e+001
 12    2.284976799274e-004  8.287745821385e+001
 13    3.062727337237e-004  9.401243627985e+001
 14    3.902358876076e-004  1.028168346189e+002
 15    4.787696525455e-004  1.137156039740e+002
 16    5.713697173633e-004  1.275442924072e+002
 17    6.676152115688e-004  1.427893307519e+002
 18    7.662652642466e-004  1.578936489114e+002
 19    8.651730022393e-004  1.758351804689e+002
 20    9.642548975535e-004  2.003933156384e+002
 21    1.063789241016e-003  2.267783052199e+002
 22    1.161338179372e-003  2.504167338428e+002
 23    1.256185816601e-003  2.742136706908e+002
 24    1.349784201011e-003  2.978392147400e+002
 25    1.441747765057e-003  3.205463310183e+002
 26    1.533059054054e-003  3.345678868946e+002
 27    1.626782701351e-003  3.345443496113e+002
 28    1.723799156025e-003  3.345343243707e+002
 29    1.822511432692e-003  3.345369180617e+002
 30    1.919385511428e-003  3.345567995090e+002
 31    2.011999487877e-003  3.345792182180e+002
 32    2.102794358507e-003  3.345910419263e+002
 33    2.195131499320e-003  3.346010325469e+002
 34    2.290040487424e-003  3.345990520570e+002
 35    2.387884072959e-003  3.345723099808e+002
 36    2.487877616659e-003  3.345367786701e+002
 37    2.587475813925e-003  3.345094492966e+002
 38    2.683931263164e-003  3.345004240780e+002
 39    2.777123590931e-003  3.345104950449e+002
 40    2.869813470170e-003  3.345261632989e+002
 41    2.963664708659e-003  3.345479261749e+002
 42    3.059101058170e-003  3.345809178164e+002
 43    3.156516700983e-003  3.345971207388e+002
 44    3.254748415202e-003  3.345802590485e+002
 45    3.352497704327e-003  3.345519648810e+002
 46    3.448897507042e-003  3.345284319094e+002
 47    3.543466562405e-003  3.345090978038e+002
 48    3.637408604845e-003  3.344961299330e+002
 49    3.731564385816e-003  3.345005562755e+002
 50    3.826146246865e-003  3.345209713945e+002
 51    3.921744413674e-003  3.345441861852e+002
 52    4.018546082079e-003  3.345629674975e+002
 53    4.115902818739e-003  3.345713169663e+002
 54    4.211578983814e-003  3.345691209756e+002
 55    4.304901696742e-003  3.345539162479e+002
 56    4.397625103593e-003  3.345274304654e+002
 57    4.490094259381e-003  3.345051374590e+002
 58    4.582679830492e-003  3.345015619474e+002
 59    4.676738288254e-003  3.345107527979e+002
 60    4.772232845426e-003  3.345193052894e+002
 61    4.867094103247e-003  3.345370793276e+002
 62    4.959528800100e-003  3.345633104857e+002
 63    5.050008650869e-003  3.345752803384e+002
 64    5.139531567693e-003  3.345646801695e+002
 65    5.229438655078e-003  3.345396684375e+002
 66    5.320462398231e-003  3.345208168933e+002
 67    5.412154830992e-003  3.345108433221e+002
 68    5.504461470991e-003  3.345015717546e+002
 69    5.595720373094e-003  3.345025555869e+002
 70    5.684387404472e-003  3.345233137597e+002
 71    5.771829281002e-003  3.345508006889e+002
 72    5.859530996531e-003  3.345617580958e+002
 73    5.947197321802e-003  3.345633746077e+002
 74    6.034568417817e-003  3.345611417535e+002
 75    6.122161168605e-003  3.345431068698e+002
 76    6.209367420524e-003  3.345184549142e+002
 77    6.295606959611e-003  3.345026266111e+002
 78    6.380805280060e-003  3.344977630841e+002
 79    6.465159822255e-003  3.345047870082e+002
 80    6.549504119903e-003  3.345215636084e+002
 81    6.633584387600e-003  3.345370002542e+002
 82    6.717144511640e-003  3.345572188094e+002
 83    6.800426170230e-003  3.345700921161e+002
 84    6.883500609547e-003  3.345552622453e+002
 85    6.966048851609e-003  3.345318948266e+002
 86    7.047227583826e-003  3.345128718198e+002
 87    7.126938551664e-003  3.345001037124e+002
 88    7.205652538687e-003  3.344952316847e+002
 89    7.283713202924e-003  3.344984787287e+002
 90    7.361229974777e-003  3.345187255322e+002
 91    7.439142558724e-003  3.345440306115e+002
 92    7.518105208874e-003  3.345501948975e+002
 93    7.596539333463e-003  3.345413816181e+002
 94    7.672876585275e-003  3.345343469119e+002
 95    7.747096009552e-003  3.345228986028e+002
 96    7.818070240319e-003  3.345218077581e+002
 97    7.880291901529e-003  3.235587573662e+002
 98    7.928464561701e-003  3.125727166780e+002
 99    7.964516989887e-003  3.113456391526e+002
 100    7.991899736226e-003  3.020025481649e+002
