 3622    0.000000000000e+000  1.193918374443e+003
 4282    2.500003576279e-002  1.017132384033e+003
 383    5.000001192093e-002  9.431493820190e+002
 2078    7.499998807907e-002  6.458060766602e+002
 1868    1.000000238419e-001  5.191132072449e+002
 2097    1.250000000000e-001  3.872243951416e+002
 1881    1.500000357628e-001  2.782210871887e+002
 2333    1.750000119209e-001  1.964334605408e+002
 1908    1.999999880791e-001  1.281485483551e+002
 2352    2.250000238419e-001  6.832260803223e+001
 1921    2.500000000000e-001  1.342506929755e+001
 2588    2.750000357628e-001 -3.732185264587e+001
 1811    3.000000119209e-001 -8.792666194916e+001
 2607    3.249999880791e-001 -1.386186903381e+002
 1961    3.499999642372e-001 -1.955095500183e+002
 2843    3.750000596046e-001 -2.622534106445e+002
 1988    4.000000357628e-001 -3.641477322388e+002
 2862    4.250000119209e-001 -3.849796789551e+002
 2001    4.499999880791e-001 -3.958062963867e+002
 3098    4.749999642372e-001 -3.980566262817e+002
 2028    5.000000596046e-001 -3.872265625000e+002
 3117    5.250000357628e-001 -3.903979669189e+002
 386    5.500000119209e-001 -3.860937020874e+002
