 0    0.000000000000e+000  0.000000000000e+000
 1    4.934396201861e-006  8.921924173224e+000
 2    1.973271537281e-005  1.842077910662e+001
 3    4.438035466592e-005  2.558293289405e+001
 4    7.885298691690e-005  3.564379349907e+001
 5    1.231165952049e-004  4.327481984052e+001
 6    1.771274983184e-004  5.337259519031e+001
 7    2.408323780401e-004  6.326915830333e+001
 8    3.141683991998e-004  7.471986604419e+001
 9    3.970631514676e-004  8.746877787882e+001
 10    4.894348094240e-004  9.976619601127e+001
 11    5.911923362873e-004  1.126232225053e+002
 12    7.022351492196e-004  1.232184900935e+002
 13    8.224537596107e-004  1.331130385100e+002
 14    9.517294820398e-004  1.412825467543e+002
 15    1.089934725314e-003  1.492352456243e+002
 16    1.236933167093e-003  1.579055182802e+002
 17    1.392579753883e-003  1.672245503628e+002
 18    1.556720701046e-003  1.797655056319e+002
 19    1.729194307700e-003  1.948363704431e+002
 20    1.909830025397e-003  2.141406215211e+002
 21    2.098449971527e-003  2.358948691156e+002
 22    2.294867532328e-003  2.593513452942e+002
 23    2.498889341950e-003  2.835778648166e+002
 24    2.710313769057e-003  3.065544656977e+002
 25    2.928932197392e-003  3.310941258300e+002
 26    3.154529025778e-003  3.331175337030e+002
 27    3.386881435290e-003  3.329483531769e+002
 28    3.625760087743e-003  3.327602714768e+002
 29    3.870929358527e-003  3.325937003979e+002
 30    4.122147336602e-003  3.323865026482e+002
 31    4.379166290164e-003  3.322138417130e+002
 32    4.641732200980e-003  3.320204913307e+002
 33    4.909585695714e-003  3.318354435313e+002
 34    5.182463210076e-003  3.316520145845e+002
 35    5.460095126182e-003  3.314686456222e+002
 36    5.742207169533e-003  3.312779955512e+002
 37    6.028520874679e-003  3.310919440655e+002
 38    6.318754516542e-003  3.309076156777e+002
 39    6.612620782107e-003  3.307123133115e+002
 40    6.909830030054e-003  3.305136826495e+002
 41    7.210088893771e-003  3.302893688610e+002
 42    7.513101212680e-003  3.300760656065e+002
 43    7.818567566574e-003  3.298471326464e+002
 44    8.126187138259e-003  3.296271788509e+002
 45    8.435655385256e-003  3.293973529613e+002
 46    8.746667765081e-003  3.291740179640e+002
 47    9.058916941285e-003  3.289389774726e+002
 48    9.372094646096e-003  3.287190552126e+002
 49    9.685892611742e-003  3.284912993648e+002
 50    9.999999776483e-003  3.282695580172e+002
 51    1.031410787255e-002  3.280234132998e+002
 52    1.062790490687e-002  3.278070454801e+002
 53    1.094108354300e-002  3.275710767940e+002
 54    1.125333271921e-002  3.273452795555e+002
 55    1.156434509903e-002  3.271120903340e+002
 56    1.187381334603e-002  3.268627724683e+002
 57    1.218143198639e-002  3.266515137635e+002
 58    1.248689927161e-002  3.264022824337e+002
 59    1.278991065919e-002  3.261902511103e+002
 60    1.309016998857e-002  3.259454278194e+002
 61    1.338737923652e-002  3.257319208183e+002
 62    1.368124596775e-002  3.254974779775e+002
 63    1.397147867829e-002  3.252879158726e+002
 64    1.425779331475e-002  3.250695809150e+002
 65    1.453990489244e-002  3.248668269705e+002
 66    1.481753680855e-002  3.246574769807e+002
 67    1.509041432291e-002  3.244625122805e+002
 68    1.535826828331e-002  3.242651036475e+002
 69    1.562083419412e-002  3.240522867450e+002
 70    1.587785221636e-002  3.238896173536e+002
 71    1.612907089293e-002  3.236902443905e+002
 72    1.637423969805e-002  3.235165657378e+002
 73    1.661311835051e-002  3.233543561596e+002
 74    1.684547029436e-002  3.231919950733e+002
 75    1.707106828690e-002  3.230260033180e+002
 76    1.728968694806e-002  3.228931711271e+002
 77    1.750111021101e-002  3.227493565018e+002
 78    1.770513318479e-002  3.226237496475e+002
 79    1.790155097842e-002  3.224891149088e+002
 80    1.809016987681e-002  3.223936395345e+002
 81    1.827080547810e-002  3.222650260440e+002
 82    1.844327896833e-002  3.221925889040e+002
 83    1.860742084682e-002  3.221032508469e+002
 84    1.876306720078e-002  3.220573529567e+002
 85    1.891006529331e-002  3.220465229274e+002
 86    1.904826983809e-002  3.201142571494e+002
 87    1.917754672468e-002  3.220073474354e+002
 88    1.929776556790e-002  3.212024550871e+002
 89    1.940880715847e-002  3.189524103742e+002
 90    1.951056532562e-002  3.108465470640e+002
 91    1.960293762386e-002  3.050812831769e+002
 92    1.968583092093e-002  3.024092698246e+002
 93    1.975916698575e-002  2.977868098162e+002
 94    1.982287317514e-002  2.957083729263e+002
 95    1.987688429654e-002  2.932012639439e+002
 96    1.992114633322e-002  2.899523571216e+002
 97    1.995562016964e-002  2.835593232411e+002
 98    1.998026669025e-002  2.764117954728e+002
 99    1.999506540596e-002  2.688611660305e+002
 100    1.999999955297e-002  2.640407008492e+002
