  0.004064 -0.000000  0.005080
  0.008126 -0.000002  0.010160
  0.012186 -0.000006  0.015240
  0.016241 -0.000015  0.020320
  0.020291 -0.000028  0.025400
  0.024334 -0.000048  0.030480
  0.028370 -0.000076  0.035560
  0.032397 -0.000112  0.040640
  0.036415 -0.000157  0.045720
  0.040422 -0.000212  0.050800
  0.044419 -0.000277  0.055880
  0.048405 -0.000353  0.060960
  0.052380 -0.000441  0.066040
  0.056343 -0.000539  0.071120
  0.060294 -0.000649  0.076200
  0.064234 -0.000770  0.081280
  0.068163 -0.000902  0.086360
  0.072080 -0.001046  0.091440
  0.075986 -0.001202  0.096520
  0.079881 -0.001368  0.101600
  0.083766 -0.001546  0.106680
  0.087640 -0.001735  0.111760
  0.091504 -0.001934  0.116840
  0.095358 -0.002144  0.121920
  0.099204 -0.002364  0.127000
  0.103042 -0.002594  0.132080
  0.106871 -0.002833  0.137160
  0.110694 -0.003080  0.142240
  0.114511 -0.003335  0.147320
  0.118322 -0.003598  0.152400
  0.122128 -0.003868  0.157480
  0.125931 -0.004144  0.162560
  0.129730 -0.004425  0.167640
  0.133528 -0.004711  0.172720
  0.137323 -0.005002  0.177800
  0.141117 -0.005297  0.182880
  0.144910 -0.005596  0.187960
  0.148702 -0.005899  0.193040
  0.152494 -0.006204  0.198120
  0.156286 -0.006513  0.203200
  0.160077 -0.006826  0.208280
  0.163868 -0.007142  0.213360
  0.167657 -0.007463  0.218440
  0.171445 -0.007787  0.223520
  0.175231 -0.008117  0.228600
  0.179013 -0.008452  0.233680
  0.182792 -0.008793  0.238760
  0.186567 -0.009141  0.243840
  0.190336 -0.009496  0.248920
  0.194099 -0.009858  0.254000
  0.197856 -0.010230  0.259080
  0.201604 -0.010610  0.264160
  0.205344 -0.011000  0.269240
  0.209075 -0.011400  0.274320
  0.212796 -0.011811  0.279400
  0.216507 -0.012233  0.284480
  0.220206 -0.012667  0.289560
  0.223893 -0.013113  0.294640
  0.227567 -0.013573  0.299720
  0.231228 -0.014045  0.304800
  0.234874 -0.014532  0.309880
  0.238505 -0.015033  0.314960
  0.242120 -0.015549  0.320040
  0.245719 -0.016081  0.325120
  0.249299 -0.016629  0.330200
  0.252862 -0.017194  0.335280
  0.256405 -0.017776  0.340360
  0.259928 -0.018375  0.345440
  0.263431 -0.018993  0.350520
  0.266912 -0.019628  0.355600
  0.270372 -0.020283  0.360680
  0.273811 -0.020955  0.365760
  0.277227 -0.021646  0.370840
  0.280621 -0.022354  0.375920
  0.283994 -0.023081  0.381000
  0.287345 -0.023825  0.386080
  0.290675 -0.024585  0.391160
  0.293985 -0.025362  0.396240
  0.297275 -0.026154  0.401320
  0.300547 -0.026960  0.406400
  0.303801 -0.027779  0.411480
  0.307038 -0.028611  0.416560
  0.310259 -0.029455  0.421640
  0.313465 -0.030309  0.426720
  0.316658 -0.031174  0.431800
  0.319837 -0.032048  0.436880
  0.323005 -0.032930  0.441960
  0.326160 -0.033820  0.447040
  0.329305 -0.034718  0.452121
  0.332439 -0.035623  0.457200
  0.335564 -0.036534  0.462281
  0.338679 -0.037452  0.467361
  0.341785 -0.038376  0.472441
  0.344882 -0.039307  0.477521
  0.347971 -0.040243  0.482601
  0.351052 -0.041186  0.487681
  0.354126 -0.042135  0.492761
  0.357192 -0.043089  0.497841
  0.360251 -0.044050  0.502921
  0.363303 -0.045017  0.508001
  0.366349 -0.045990  0.513081
  0.369390 -0.046970  0.518161
  0.372425 -0.047956  0.523241
  0.375455 -0.048949  0.528321
  0.378481 -0.049948  0.533401
  0.381502 -0.050955  0.538481
  0.384520 -0.051968  0.543561
  0.387532 -0.052990  0.548641
  0.390541 -0.054020  0.553721
  0.393546 -0.055059  0.558801
  0.396545 -0.056107  0.563881
  0.399540 -0.057165  0.568961
  0.402529 -0.058234  0.574041
  0.405512 -0.059314  0.579121
  0.408488 -0.060407  0.584201
  0.411456 -0.061512  0.589281
  0.414416 -0.062631  0.594361
  0.417367 -0.063765  0.599441
  0.420307 -0.064913  0.604521
  0.423237 -0.066077  0.609601
  0.426156 -0.067256  0.614681
  0.429063 -0.068452  0.619761
  0.431958 -0.069664  0.624841
  0.434840 -0.070892  0.629921
  0.437709 -0.072138  0.635001
  0.440564 -0.073400  0.640081
  0.443407 -0.074678  0.645161
  0.446236 -0.075973  0.650241
  0.449051 -0.077284  0.655321
  0.451853 -0.078610  0.660401
  0.454641 -0.079952  0.665481
  0.457416 -0.081309  0.670561
  0.460177 -0.082680  0.675641
  0.462924 -0.084066  0.680721
  0.465657 -0.085466  0.685801
  0.468376 -0.086879  0.690881
  0.471080 -0.088305  0.695961
  0.473770 -0.089743  0.701041
  0.476444 -0.091195  0.706121
  0.479104 -0.092658  0.711201
  0.481748 -0.094133  0.716281
  0.484377 -0.095619  0.721361
  0.486990 -0.097116  0.726441
  0.489588 -0.098623  0.731521
  0.492171 -0.100140  0.736601
  0.494738 -0.101666  0.741681
  0.497290 -0.103201  0.746761
  0.499828 -0.104744  0.751841
  0.502352 -0.106294  0.756921
  0.504863 -0.107852  0.762001
  0.507361 -0.109416  0.767081
  0.509847 -0.110987  0.772161
  0.512321 -0.112563  0.777241
  0.514785 -0.114145  0.782321
  0.517237 -0.115731  0.787401
  0.519680 -0.117323  0.792481
  0.522113 -0.118919  0.797561
  0.524536 -0.120520  0.802641
  0.526950 -0.122125  0.807721
  0.529356 -0.123736  0.812801
  0.531752 -0.125351  0.817881
  0.534138 -0.126972  0.822961
  0.536516 -0.128598  0.828041
  0.538884 -0.130230  0.833121
  0.541243 -0.131868  0.838201
  0.543593 -0.133512  0.843281
  0.545933 -0.135163  0.848361
  0.548263 -0.136822  0.853441
  0.550584 -0.138487  0.858521
  0.552896 -0.140160  0.863601
  0.555198 -0.141841  0.868681
  0.557491 -0.143530  0.873761
  0.559775 -0.145226  0.878841
  0.562051 -0.146932  0.883921
  0.564317 -0.148645  0.889001
  0.566576 -0.150367  0.894081
  0.568827 -0.152098  0.899161
  0.571069 -0.153837  0.904241
  0.573304 -0.155585  0.909321
  0.575531 -0.157342  0.914401
  0.577750 -0.159108  0.919481
  0.579961 -0.160882  0.924561
  0.582164 -0.162666  0.929641
  0.584357 -0.164459  0.934721
  0.586542 -0.166261  0.939801
  0.588717 -0.168073  0.944881
  0.590882 -0.169894  0.949961
  0.593036 -0.171724  0.955041
  0.595180 -0.173564  0.960121
  0.597311 -0.175414  0.965201
  0.599432 -0.177273  0.970281
  0.601539 -0.179142  0.975361
  0.603635 -0.181020  0.980441
  0.605718 -0.182907  0.985521
  0.607788 -0.184803  0.990601
  0.609846 -0.186709  0.995681
  0.611891 -0.188622  1.000761
  0.613923 -0.190545  1.005841
  0.615943 -0.192475  1.010921
  0.617950 -0.194414  1.016001
  0.619945 -0.196360  1.021081
  0.621928 -0.198315  1.026161
  0.623899 -0.200276  1.031241
  0.625857 -0.202246  1.036321
  0.627803 -0.204222  1.041401
  0.629736 -0.206206  1.046481
  0.631657 -0.208197  1.051561
  0.633565 -0.210195  1.056641
  0.635460 -0.212201  1.061721
  0.637341 -0.214214  1.066801
  0.639209 -0.216234  1.071881
  0.641064 -0.218261  1.076961
  0.642905 -0.220295  1.082041
  0.644732 -0.222337  1.087121
  0.646546 -0.224386  1.092201
  0.648347 -0.226442  1.097281
  0.650134 -0.228504  1.102361
  0.651909 -0.230574  1.107441
  0.653672 -0.232650  1.112521
  0.655423 -0.234733  1.117601
  0.657163 -0.236821  1.122681
  0.658893 -0.238916  1.127761
  0.660614 -0.241016  1.132841
  0.662325 -0.243121  1.137921
  0.664028 -0.245231  1.143001
  0.665724 -0.247346  1.148081
  0.667413 -0.249466  1.153161
  0.669094 -0.251589  1.158241
  0.670770 -0.253717  1.163321
  0.672439 -0.255848  1.168401
  0.674103 -0.257983  1.173481
  0.675760 -0.260120  1.178561
  0.677412 -0.262261  1.183641
  0.679059 -0.264405  1.188721
  0.680699 -0.266551  1.193801
  0.682334 -0.268699  1.198881
  0.683963 -0.270850  1.203961
  0.685586 -0.273002  1.209041
  0.687203 -0.275156  1.214121
  0.688815 -0.277311  1.219201
  0.690422 -0.279467  1.224281
  0.692023 -0.281624  1.229361
  0.693620 -0.283781  1.234441
  0.695212 -0.285939  1.239521
  0.696800 -0.288096  1.244601
  0.698384 -0.290252  1.249681
  0.699964 -0.292408  1.254761
  0.701541 -0.294562  1.259841
  0.703114 -0.296715  1.264921
  0.704685 -0.298867  1.270001
  0.706252 -0.301016  1.275081
  0.707817 -0.303164  1.280161
  0.709378 -0.305310  1.285241
  0.710937 -0.307453  1.290321
  0.712492 -0.309594  1.295401
  0.714043 -0.311733  1.300481
  0.715591 -0.313869  1.305561
  0.717135 -0.316003  1.310641
  0.718674 -0.318134  1.315722
  0.720209 -0.320262  1.320801
  0.721739 -0.322387  1.325881
  0.723265 -0.324510  1.330961
  0.724786 -0.326629  1.336041
  0.726302 -0.328745  1.341121
  0.727815 -0.330858  1.346202
  0.729323 -0.332967  1.351282
  0.730828 -0.335071  1.356362
  0.732330 -0.337172  1.361441
  0.733829 -0.339267  1.366521
  0.735327 -0.341358  1.371601
  0.736822 -0.343444  1.376682
  0.738317 -0.345523  1.381762
  0.739810 -0.347597  1.386842
  0.741303 -0.349665  1.391922
  0.742795 -0.351726  1.397002
  0.744287 -0.353780  1.402082
  0.745778 -0.355826  1.407162
  0.747269 -0.357865  1.412242
  0.748760 -0.359896  1.417322
  0.750250 -0.361919  1.422402
  0.751739 -0.363933  1.427482
  0.753226 -0.365939  1.432562
  0.754713 -0.367935  1.437642
  0.756198 -0.369922  1.442722
  0.757681 -0.371899  1.447802
  0.759162 -0.373865  1.452882
  0.760642 -0.375821  1.457962
  0.762120 -0.377766  1.463042
  0.763596 -0.379700  1.468122
  0.765071 -0.381622  1.473202
  0.766545 -0.383531  1.478282
  0.768018 -0.385428  1.483362
  0.769490 -0.387312  1.488442
  0.770963 -0.389183  1.493522
  0.772435 -0.391040  1.498602
