  0.000736  0.000000  0.000920
  0.001472 -0.000000  0.001840
  0.002207 -0.000001  0.002760
  0.002942 -0.000001  0.003680
  0.003677 -0.000003  0.004600
  0.004411 -0.000005  0.005520
  0.005144 -0.000007  0.006440
  0.005877 -0.000011  0.007359
  0.006608 -0.000015  0.008279
  0.007339 -0.000021  0.009199
  0.008068 -0.000027  0.010119
  0.008797 -0.000034  0.011039
  0.009525 -0.000043  0.011959
  0.010251 -0.000052  0.012879
  0.010977 -0.000063  0.013799
  0.011701 -0.000074  0.014719
  0.012425 -0.000087  0.015639
  0.013147 -0.000100  0.016559
  0.013869 -0.000115  0.017479
  0.014589 -0.000130  0.018399
  0.015309 -0.000146  0.019319
  0.016027 -0.000164  0.020238
  0.016745 -0.000182  0.021158
  0.017462 -0.000201  0.022078
  0.018178 -0.000221  0.022998
  0.018894 -0.000241  0.023918
  0.019609 -0.000263  0.024838
  0.020323 -0.000285  0.025758
  0.021037 -0.000307  0.026678
  0.021750 -0.000330  0.027598
  0.022463 -0.000353  0.028518
  0.023175 -0.000377  0.029438
  0.023887 -0.000401  0.030358
  0.024599 -0.000425  0.031278
  0.025311 -0.000450  0.032198
  0.026023 -0.000474  0.033117
  0.026735 -0.000499  0.034037
  0.027446 -0.000523  0.034957
  0.028158 -0.000548  0.035877
  0.028870 -0.000572  0.036797
  0.029582 -0.000597  0.037717
  0.030294 -0.000622  0.038637
  0.031006 -0.000646  0.039557
  0.031717 -0.000671  0.040477
  0.032429 -0.000696  0.041397
  0.033140 -0.000721  0.042317
  0.033851 -0.000747  0.043237
  0.034562 -0.000773  0.044157
  0.035272 -0.000800  0.045077
  0.035981 -0.000827  0.045996
  0.036690 -0.000856  0.046916
  0.037398 -0.000884  0.047836
  0.038105 -0.000914  0.048756
  0.038811 -0.000945  0.049676
  0.039516 -0.000977  0.050596
  0.040219 -0.001010  0.051516
  0.040922 -0.001045  0.052436
  0.041623 -0.001080  0.053356
  0.042323 -0.001117  0.054276
  0.043022 -0.001156  0.055196
  0.043719 -0.001195  0.056116
  0.044415 -0.001237  0.057036
  0.045109 -0.001280  0.057956
  0.045801 -0.001324  0.058875
  0.046492 -0.001370  0.059795
  0.047181 -0.001418  0.060715
  0.047869 -0.001468  0.061635
  0.048554 -0.001519  0.062555
  0.049238 -0.001572  0.063475
  0.049920 -0.001627  0.064395
  0.050600 -0.001684  0.065315
  0.051278 -0.001743  0.066235
  0.051955 -0.001803  0.067155
  0.052629 -0.001865  0.068075
  0.053302 -0.001929  0.068995
  0.053974 -0.001994  0.069915
  0.054644 -0.002061  0.070835
  0.055312 -0.002130  0.071755
  0.055979 -0.002199  0.072674
  0.056645 -0.002270  0.073594
  0.057310 -0.002342  0.074514
  0.057973 -0.002415  0.075434
  0.058636 -0.002489  0.076354
  0.059298 -0.002564  0.077274
  0.059959 -0.002640  0.078194
  0.060619 -0.002716  0.079114
  0.061279 -0.002793  0.080034
  0.061938 -0.002871  0.080954
  0.062597 -0.002949  0.081874
  0.063255 -0.003027  0.082794
  0.063913 -0.003106  0.083714
  0.064570 -0.003186  0.084634
  0.065227 -0.003265  0.085553
  0.065883 -0.003346  0.086473
  0.066540 -0.003426  0.087393
  0.067195 -0.003508  0.088313
  0.067851 -0.003589  0.089233
  0.068506 -0.003671  0.090153
  0.069161 -0.003753  0.091073
  0.069815 -0.003836  0.091993
  0.070469 -0.003919  0.092913
  0.071123 -0.004003  0.093833
  0.071776 -0.004087  0.094753
  0.072429 -0.004171  0.095673
  0.073082 -0.004256  0.096593
  0.073734 -0.004341  0.097513
  0.074386 -0.004427  0.098432
  0.075037 -0.004513  0.099352
  0.075688 -0.004600  0.100272
  0.076338 -0.004688  0.101192
  0.076988 -0.004776  0.102112
  0.077637 -0.004865  0.103032
  0.078285 -0.004955  0.103952
  0.078933 -0.005046  0.104872
  0.079579 -0.005138  0.105792
  0.080224 -0.005231  0.106712
  0.080869 -0.005325  0.107632
  0.081512 -0.005420  0.108552
  0.082154 -0.005517  0.109472
  0.082795 -0.005614  0.110392
  0.083434 -0.005713  0.111311
  0.084073 -0.005814  0.112231
  0.084710 -0.005915  0.113151
  0.085346 -0.006018  0.114071
  0.085980 -0.006122  0.114991
  0.086614 -0.006227  0.115911
  0.087246 -0.006333  0.116831
  0.087877 -0.006441  0.117751
  0.088507 -0.006550  0.118671
  0.089136 -0.006660  0.119591
  0.089764 -0.006771  0.120511
  0.090390 -0.006883  0.121431
  0.091016 -0.006996  0.122351
  0.091641 -0.007110  0.123271
  0.092264 -0.007225  0.124190
  0.092887 -0.007341  0.125110
  0.093508 -0.007458  0.126030
  0.094128 -0.007577  0.126950
  0.094748 -0.007696  0.127870
  0.095366 -0.007816  0.128790
  0.095983 -0.007937  0.129710
  0.096600 -0.008059  0.130630
  0.097215 -0.008182  0.131550
  0.097830 -0.008306  0.132470
  0.098444 -0.008431  0.133390
  0.099057 -0.008556  0.134310
  0.099669 -0.008683  0.135230
  0.100280 -0.008809  0.136150
  0.100891 -0.008937  0.137070
  0.101502 -0.009065  0.137989
  0.102111 -0.009194  0.138909
  0.102721 -0.009324  0.139829
  0.103329 -0.009454  0.140749
  0.103938 -0.009584  0.141669
  0.104545 -0.009715  0.142589
  0.105153 -0.009847  0.143509
  0.105760 -0.009979  0.144429
  0.106366 -0.010112  0.145349
  0.106972 -0.010245  0.146269
  0.107577 -0.010379  0.147189
  0.108182 -0.010514  0.148109
  0.108786 -0.010649  0.149029
  0.109390 -0.010785  0.149949
  0.109993 -0.010922  0.150868
  0.110595 -0.011060  0.151788
  0.111197 -0.011198  0.152708
  0.111798 -0.011337  0.153628
  0.112399 -0.011477  0.154548
  0.112999 -0.011617  0.155468
  0.113598 -0.011759  0.156388
  0.114196 -0.011901  0.157308
  0.114794 -0.012044  0.158228
  0.115392 -0.012187  0.159148
  0.115988 -0.012332  0.160068
  0.116584 -0.012477  0.160988
  0.117180 -0.012623  0.161908
  0.117774 -0.012769  0.162828
  0.118368 -0.012917  0.163747
  0.118961 -0.013065  0.164667
  0.119554 -0.013214  0.165587
  0.120145 -0.013364  0.166507
  0.120736 -0.013515  0.167427
  0.121326 -0.013667  0.168347
  0.121914 -0.013821  0.169267
  0.122502 -0.013975  0.170187
  0.123088 -0.014130  0.171107
  0.123673 -0.014287  0.172027
  0.124257 -0.014444  0.172947
  0.124840 -0.014603  0.173867
  0.125421 -0.014763  0.174787
  0.126002 -0.014924  0.175707
  0.126581 -0.015087  0.176626
  0.127159 -0.015250  0.177546
  0.127735 -0.015415  0.178466
  0.128310 -0.015581  0.179386
  0.128885 -0.015748  0.180306
  0.129457 -0.015917  0.181226
  0.130029 -0.016086  0.182146
  0.130599 -0.016257  0.183066
  0.131169 -0.016429  0.183986
  0.131737 -0.016602  0.184906
  0.132303 -0.016776  0.185826
  0.132869 -0.016952  0.186746
  0.133433 -0.017129  0.187666
  0.133996 -0.017307  0.188586
  0.134557 -0.017486  0.189505
  0.135118 -0.017667  0.190425
  0.135677 -0.017849  0.191345
  0.136234 -0.018032  0.192265
  0.136791 -0.018216  0.193185
  0.137346 -0.018402  0.194105
  0.137900 -0.018589  0.195025
  0.138453 -0.018777  0.195945
  0.139004 -0.018966  0.196865
  0.139555 -0.019157  0.197785
  0.140105 -0.019348  0.198705
  0.140653 -0.019540  0.199625
  0.141201 -0.019734  0.200545
  0.141748 -0.019928  0.201465
  0.142294 -0.020124  0.202385
  0.142839 -0.020320  0.203304
  0.143384 -0.020517  0.204224
  0.143928 -0.020714  0.205144
  0.144471 -0.020913  0.206064
  0.145013 -0.021112  0.206984
  0.145555 -0.021312  0.207904
  0.146096 -0.021513  0.208824
  0.146637 -0.021715  0.209744
  0.147176 -0.021917  0.210664
  0.147715 -0.022121  0.211584
  0.148254 -0.022325  0.212504
  0.148791 -0.022530  0.213424
  0.149328 -0.022735  0.214344
  0.149864 -0.022942  0.215264
  0.150399 -0.023149  0.216183
  0.150934 -0.023357  0.217103
  0.151468 -0.023566  0.218023
  0.152001 -0.023776  0.218943
  0.152533 -0.023987  0.219863
  0.153065 -0.024198  0.220783
  0.153595 -0.024410  0.221703
  0.154126 -0.024623  0.222623
  0.154655 -0.024837  0.223543
  0.155184 -0.025051  0.224463
  0.155712 -0.025266  0.225383
  0.156239 -0.025482  0.226303
  0.156765 -0.025699  0.227223
  0.157291 -0.025917  0.228143
  0.157815 -0.026136  0.229062
  0.158339 -0.026355  0.229982
  0.158862 -0.026576  0.230902
  0.159383 -0.026798  0.231822
  0.159904 -0.027020  0.232742
  0.160424 -0.027244  0.233662
  0.160942 -0.027469  0.234582
  0.161459 -0.027695  0.235502
  0.161976 -0.027922  0.236422
  0.162491 -0.028151  0.237342
  0.163005 -0.028380  0.238262
  0.163518 -0.028611  0.239182
  0.164030 -0.028842  0.240102
  0.164540 -0.029075  0.241022
  0.165050 -0.029308  0.241941
  0.165559 -0.029543  0.242861
  0.166067 -0.029779  0.243781
  0.166574 -0.030015  0.244701
  0.167080 -0.030253  0.245621
  0.167586 -0.030492  0.246541
  0.168090 -0.030731  0.247461
  0.168594 -0.030971  0.248381
  0.169097 -0.031213  0.249301
  0.169599 -0.031455  0.250221
  0.170100 -0.031698  0.251141
  0.170600 -0.031942  0.252061
  0.171099 -0.032187  0.252981
  0.171597 -0.032433  0.253901
  0.172095 -0.032680  0.254820
  0.172591 -0.032928  0.255740
  0.173087 -0.033177  0.256660
  0.173582 -0.033426  0.257580
  0.174076 -0.033677  0.258500
  0.174569 -0.033928  0.259420
  0.175062 -0.034180  0.260340
  0.175553 -0.034433  0.261260
  0.176044 -0.034687  0.262180
  0.176535 -0.034941  0.263100
  0.177025 -0.035196  0.264020
  0.177514 -0.035452  0.264940
  0.178002 -0.035709  0.265860
  0.178490 -0.035966  0.266780
  0.178977 -0.036224  0.267700
  0.179464 -0.036482  0.268619
  0.179950 -0.036741  0.269539
  0.180435 -0.037001  0.270459
  0.180920 -0.037262  0.271379
  0.181404 -0.037523  0.272299
  0.181887 -0.037785  0.273219
  0.182370 -0.038048  0.274139
  0.182852 -0.038311  0.275059
  0.183333 -0.038576  0.275979
  0.183813 -0.038841  0.276899
  0.184293 -0.039107  0.277819
  0.184772 -0.039373  0.278739
  0.185250 -0.039641  0.279659
  0.185727 -0.039909  0.280579
  0.186204 -0.040179  0.281498
  0.186680 -0.040448  0.282418
  0.187155 -0.040719  0.283338
  0.187630 -0.040990  0.284258
  0.188104 -0.041262  0.285178
  0.188578 -0.041535  0.286098
  0.189051 -0.041808  0.287018
  0.189523 -0.042082  0.287938
  0.189995 -0.042357  0.288858
  0.190467 -0.042632  0.289778
  0.190937 -0.042908  0.290698
  0.191407 -0.043185  0.291618
  0.191877 -0.043462  0.292538
  0.192345 -0.043741  0.293458
  0.192813 -0.044020  0.294377
  0.193280 -0.044300  0.295297
  0.193747 -0.044580  0.296217
  0.194212 -0.044862  0.297137
  0.194677 -0.045144  0.298057
  0.195141 -0.045427  0.298977
  0.195604 -0.045711  0.299897
  0.196066 -0.045996  0.300817
  0.196527 -0.046282  0.301737
  0.196987 -0.046569  0.302657
  0.197447 -0.046856  0.303577
  0.197905 -0.047145  0.304497
  0.198363 -0.047434  0.305417
  0.198820 -0.047724  0.306337
  0.199276 -0.048015  0.307256
  0.199731 -0.048306  0.308176
  0.200185 -0.048599  0.309096
  0.200639 -0.048892  0.310016
  0.201091 -0.049186  0.310936
  0.201543 -0.049481  0.311856
  0.201993 -0.049777  0.312776
  0.202443 -0.050073  0.313696
  0.202891 -0.050371  0.314616
  0.203338 -0.050670  0.315536
  0.203785 -0.050969  0.316456
  0.204230 -0.051270  0.317376
  0.204674 -0.051571  0.318296
  0.205117 -0.051873  0.319216
  0.205559 -0.052177  0.320135
  0.206000 -0.052481  0.321055
  0.206440 -0.052786  0.321975
  0.206879 -0.053092  0.322895
  0.207317 -0.053399  0.323815
  0.207755 -0.053706  0.324735
  0.208191 -0.054014  0.325655
  0.208627 -0.054323  0.326575
  0.209062 -0.054632  0.327495
  0.209497 -0.054942  0.328415
  0.209931 -0.055253  0.329335
  0.210365 -0.055564  0.330255
  0.210798 -0.055876  0.331175
  0.211231 -0.056188  0.332095
  0.211663 -0.056500  0.333015
  0.212095 -0.056813  0.333934
  0.212527 -0.057126  0.334854
  0.212958 -0.057440  0.335774
  0.213389 -0.057754  0.336694
  0.213820 -0.058069  0.337614
  0.214250 -0.058384  0.338534
  0.214680 -0.058699  0.339454
  0.215109 -0.059014  0.340374
  0.215538 -0.059330  0.341294
  0.215967 -0.059647  0.342214
  0.216396 -0.059963  0.343134
  0.216825 -0.060280  0.344054
  0.217253 -0.060597  0.344974
  0.217681 -0.060915  0.345894
  0.218109 -0.061232  0.346813
  0.218537 -0.061550  0.347733
  0.218964 -0.061868  0.348653
  0.219392 -0.062186  0.349573
  0.219819 -0.062504  0.350493
  0.220246 -0.062823  0.351413
  0.220673 -0.063142  0.352333
  0.221100 -0.063461  0.353253
  0.221526 -0.063780  0.354173
  0.221952 -0.064100  0.355093
  0.222377 -0.064420  0.356013
  0.222802 -0.064740  0.356933
  0.223227 -0.065061  0.357853
  0.223650 -0.065382  0.358773
  0.224074 -0.065704  0.359692
  0.224496 -0.066026  0.360612
  0.224918 -0.066349  0.361532
  0.225339 -0.066673  0.362452
  0.225759 -0.066997  0.363372
  0.226179 -0.067321  0.364292
  0.226598 -0.067646  0.365212
  0.227016 -0.067972  0.366132
  0.227434 -0.068298  0.367052
  0.227850 -0.068625  0.367972
  0.228267 -0.068952  0.368892
  0.228682 -0.069279  0.369812
  0.229097 -0.069607  0.370732
  0.229512 -0.069936  0.371652
  0.229926 -0.070265  0.372571
  0.230339 -0.070594  0.373491
  0.230752 -0.070923  0.374411
  0.231165 -0.071254  0.375331
  0.231577 -0.071584  0.376251
  0.231988 -0.071915  0.377171
  0.232399 -0.072246  0.378091
  0.232809 -0.072578  0.379011
  0.233219 -0.072910  0.379931
  0.233628 -0.073242  0.380851
  0.234037 -0.073575  0.381771
  0.234446 -0.073908  0.382691
  0.234854 -0.074241  0.383611
  0.235262 -0.074574  0.384531
  0.235669 -0.074908  0.385450
  0.236077 -0.075242  0.386370
  0.236484 -0.075576  0.387290
  0.236891 -0.075910  0.388210
  0.237298 -0.076244  0.389130
  0.237705 -0.076578  0.390050
  0.238112 -0.076912  0.390970
  0.238519 -0.077246  0.391890
  0.238926 -0.077580  0.392810
  0.239333 -0.077914  0.393730
  0.239740 -0.078248  0.394650
  0.240146 -0.078582  0.395570
  0.240553 -0.078916  0.396490
  0.240960 -0.079250  0.397410
  0.241367 -0.079584  0.398330
  0.241773 -0.079918  0.399249
  0.242180 -0.080252  0.400169
  0.242586 -0.080586  0.401089
  0.242992 -0.080920  0.402009
  0.243398 -0.081254  0.402929
  0.243803 -0.081589  0.403849
  0.244209 -0.081923  0.404769
  0.244614 -0.082258  0.405689
  0.245019 -0.082592  0.406609
  0.245423 -0.082927  0.407529
  0.245827 -0.083262  0.408449
  0.246231 -0.083597  0.409369
  0.246635 -0.083932  0.410289
  0.247039 -0.084266  0.411209
  0.247442 -0.084601  0.412128
  0.247846 -0.084936  0.413048
  0.248249 -0.085272  0.413968
  0.248652 -0.085607  0.414888
  0.249054 -0.085942  0.415808
  0.249456 -0.086277  0.416728
  0.249858 -0.086613  0.417648
  0.250260 -0.086948  0.418568
  0.250661 -0.087284  0.419488
  0.251061 -0.087620  0.420408
  0.251462 -0.087956  0.421328
  0.251861 -0.088292  0.422248
  0.252261 -0.088629  0.423168
  0.252660 -0.088966  0.424088
  0.253058 -0.089303  0.425007
  0.253456 -0.089640  0.425927
  0.253853 -0.089977  0.426847
  0.254249 -0.090315  0.427767
  0.254646 -0.090653  0.428687
  0.255041 -0.090991  0.429607
  0.255437 -0.091329  0.430527
  0.255832 -0.091667  0.431447
  0.256226 -0.092006  0.432367
  0.256620 -0.092344  0.433287
  0.257014 -0.092683  0.434207
  0.257407 -0.093022  0.435127
  0.257799 -0.093361  0.436047
  0.258191 -0.093700  0.436967
  0.258583 -0.094039  0.437886
  0.258974 -0.094379  0.438806
  0.259364 -0.094719  0.439726
  0.259753 -0.095059  0.440646
  0.260142 -0.095399  0.441566
  0.260531 -0.095739  0.442486
  0.260918 -0.096080  0.443406
  0.261305 -0.096421  0.444326
  0.261691 -0.096763  0.445246
  0.262076 -0.097104  0.446166
  0.262461 -0.097446  0.447086
  0.262845 -0.097788  0.448006
  0.263229 -0.098130  0.448926
  0.263611 -0.098472  0.449846
  0.263994 -0.098815  0.450765
  0.264376 -0.099157  0.451685
  0.264757 -0.099500  0.452605
  0.265138 -0.099842  0.453525
  0.265519 -0.100185  0.454445
  0.265899 -0.100527  0.455365
  0.266279 -0.100869  0.456285
  0.266659 -0.101211  0.457205
  0.267039 -0.101554  0.458125
  0.267418 -0.101896  0.459045
  0.267798 -0.102237  0.459965
  0.268177 -0.102579  0.460885
  0.268556 -0.102921  0.461805
  0.268935 -0.103262  0.462725
  0.269313 -0.103603  0.463645
  0.269692 -0.103944  0.464564
  0.270070 -0.104285  0.465484
  0.270448 -0.104626  0.466404
  0.270827 -0.104966  0.467324
  0.271205 -0.105306  0.468244
  0.271583 -0.105646  0.469164
  0.271962 -0.105985  0.470084
  0.272340 -0.106324  0.471004
  0.272719 -0.106663  0.471924
  0.273098 -0.107001  0.472844
  0.273477 -0.107339  0.473764
  0.273856 -0.107676  0.474684
  0.274235 -0.108013  0.475604
  0.274614 -0.108350  0.476524
  0.274993 -0.108686  0.477443
  0.275373 -0.109022  0.478363
  0.275752 -0.109357  0.479283
  0.276131 -0.109692  0.480203
  0.276511 -0.110027  0.481123
  0.276890 -0.110362  0.482043
  0.277268 -0.110696  0.482963
  0.277647 -0.111031  0.483883
  0.278025 -0.111365  0.484803
  0.278402 -0.111699  0.485723
  0.278779 -0.112033  0.486643
  0.279156 -0.112367  0.487563
  0.279532 -0.112701  0.488483
  0.279907 -0.113035  0.489403
  0.280282 -0.113369  0.490322
  0.280656 -0.113703  0.491242
  0.281030 -0.114037  0.492162
  0.281403 -0.114371  0.493082
  0.281775 -0.114705  0.494002
  0.282147 -0.115039  0.494922
  0.282519 -0.115373  0.495842
  0.282890 -0.115707  0.496762
  0.283260 -0.116040  0.497682
  0.283630 -0.116374  0.498602
  0.283999 -0.116708  0.499522
  0.284367 -0.117041  0.500442
  0.284735 -0.117374  0.501362
  0.285103 -0.117708  0.502282
  0.285470 -0.118041  0.503201
  0.285837 -0.118374  0.504121
  0.286203 -0.118707  0.505041
  0.286568 -0.119040  0.505961
  0.286934 -0.119373  0.506881
  0.287298 -0.119706  0.507801
  0.287663 -0.120038  0.508721
  0.288027 -0.120370  0.509641
  0.288391 -0.120702  0.510561
  0.288755 -0.121033  0.511481
  0.289119 -0.121364  0.512401
  0.289483 -0.121694  0.513321
  0.289847 -0.122024  0.514241
  0.290212 -0.122354  0.515161
  0.290576 -0.122682  0.516080
  0.290941 -0.123011  0.517000
  0.291306 -0.123338  0.517920
  0.291671 -0.123665  0.518840
  0.292037 -0.123991  0.519760
  0.292402 -0.124317  0.520680
  0.292769 -0.124642  0.521600
  0.293135 -0.124966  0.522520
  0.293502 -0.125289  0.523440
  0.293869 -0.125612  0.524360
  0.294236 -0.125935  0.525280
  0.294603 -0.126256  0.526200
  0.294971 -0.126577  0.527120
  0.295338 -0.126898  0.528040
  0.295706 -0.127218  0.528960
  0.296074 -0.127537  0.529879
  0.296441 -0.127856  0.530799
  0.296809 -0.128175  0.531719
  0.297177 -0.128492  0.532639
  0.297545 -0.128810  0.533559
  0.297913 -0.129126  0.534479
  0.298281 -0.129443  0.535399
  0.298649 -0.129758  0.536319
  0.299017 -0.130073  0.537239
  0.299385 -0.130388  0.538159
  0.299753 -0.130702  0.539079
  0.300121 -0.131016  0.539999
  0.300488 -0.131329  0.540919
  0.300856 -0.131642  0.541839
  0.301223 -0.131954  0.542758
  0.301590 -0.132266  0.543678
  0.301957 -0.132578  0.544598
  0.302324 -0.132889  0.545518
  0.302690 -0.133200  0.546438
  0.303056 -0.133510  0.547358
  0.303422 -0.133821  0.548278
  0.303787 -0.134131  0.549198
  0.304152 -0.134440  0.550118
  0.304516 -0.134749  0.551038
  0.304881 -0.135058  0.551958
  0.305245 -0.135367  0.552878
  0.305609 -0.135675  0.553798
  0.305972 -0.135983  0.554718
  0.306336 -0.136290  0.555637
  0.306699 -0.136597  0.556557
  0.307062 -0.136903  0.557477
  0.307426 -0.137208  0.558397
  0.307789 -0.137514  0.559317
  0.308152 -0.137818  0.560237
  0.308516 -0.138122  0.561157
  0.308879 -0.138426  0.562077
  0.309243 -0.138728  0.562997
  0.309606 -0.139031  0.563917
  0.309969 -0.139332  0.564837
  0.310333 -0.139633  0.565757
  0.310697 -0.139934  0.566677
  0.311060 -0.140234  0.567597
  0.311424 -0.140533  0.568516
  0.311787 -0.140832  0.569436
  0.312151 -0.141130  0.570356
  0.312515 -0.141428  0.571276
  0.312879 -0.141725  0.572196
  0.313243 -0.142021  0.573116
  0.313607 -0.142316  0.574036
  0.313971 -0.142611  0.574956
  0.314336 -0.142906  0.575876
  0.314701 -0.143199  0.576796
  0.315066 -0.143492  0.577716
  0.315431 -0.143784  0.578636
  0.315797 -0.144075  0.579556
  0.316163 -0.144365  0.580476
  0.316530 -0.144654  0.581395
  0.316897 -0.144943  0.582315
  0.317265 -0.145231  0.583235
  0.317633 -0.145518  0.584155
  0.318002 -0.145804  0.585075
  0.318371 -0.146089  0.585995
  0.318741 -0.146373  0.586915
  0.319111 -0.146657  0.587835
  0.319481 -0.146939  0.588755
  0.319852 -0.147221  0.589675
  0.320224 -0.147502  0.590595
  0.320596 -0.147782  0.591515
  0.320969 -0.148061  0.592435
  0.321342 -0.148340  0.593355
  0.321717 -0.148617  0.594275
  0.322091 -0.148893  0.595194
  0.322467 -0.149169  0.596114
  0.322844 -0.149443  0.597034
  0.323221 -0.149716  0.597954
  0.323599 -0.149989  0.598874
  0.323978 -0.150260  0.599794
  0.324358 -0.150530  0.600714
  0.324740 -0.150799  0.601634
  0.325122 -0.151067  0.602554
  0.325505 -0.151333  0.603474
  0.325889 -0.151599  0.604394
  0.326274 -0.151864  0.605314
  0.326660 -0.152127  0.606234
  0.327047 -0.152390  0.607154
  0.327434 -0.152651  0.608073
  0.327823 -0.152912  0.608993
  0.328212 -0.153171  0.609913
  0.328603 -0.153430  0.610833
  0.328994 -0.153687  0.611753
  0.329385 -0.153944  0.612673
  0.329778 -0.154200  0.613593
  0.330171 -0.154455  0.614513
  0.330565 -0.154708  0.615433
  0.330960 -0.154961  0.616353
  0.331355 -0.155213  0.617273
  0.331752 -0.155465  0.618193
  0.332149 -0.155715  0.619113
  0.332547 -0.155964  0.620033
  0.332946 -0.156212  0.620952
  0.333346 -0.156459  0.621872
  0.333747 -0.156705  0.622792
  0.334148 -0.156951  0.623712
  0.334551 -0.157195  0.624632
  0.334954 -0.157438  0.625552
  0.335359 -0.157680  0.626472
  0.335764 -0.157922  0.627392
  0.336170 -0.158162  0.628312
  0.336577 -0.158401  0.629232
  0.336986 -0.158639  0.630152
  0.337395 -0.158877  0.631072
  0.337805 -0.159113  0.631992
  0.338216 -0.159348  0.632912
  0.338629 -0.159582  0.633831
  0.339043 -0.159815  0.634751
  0.339458 -0.160047  0.635671
  0.339874 -0.160277  0.636591
  0.340292 -0.160507  0.637511
  0.340711 -0.160735  0.638431
  0.341132 -0.160961  0.639351
  0.341555 -0.161187  0.640271
  0.341980 -0.161410  0.641191
  0.342406 -0.161633  0.642111
  0.342835 -0.161853  0.643031
  0.343265 -0.162073  0.643951
  0.343697 -0.162290  0.644871
  0.344131 -0.162507  0.645791
  0.344568 -0.162721  0.646710
  0.345006 -0.162934  0.647630
  0.345447 -0.163146  0.648550
  0.345889 -0.163355  0.649470
  0.346334 -0.163564  0.650390
  0.346781 -0.163771  0.651310
  0.347229 -0.163976  0.652230
  0.347680 -0.164180  0.653150
  0.348133 -0.164382  0.654070
  0.348588 -0.164583  0.654990
  0.349044 -0.164782  0.655910
  0.349503 -0.164980  0.656830
  0.349964 -0.165176  0.657750
  0.350426 -0.165371  0.658670
  0.350891 -0.165564  0.659590
  0.351358 -0.165756  0.660509
  0.351826 -0.165947  0.661429
  0.352296 -0.166136  0.662349
  0.352769 -0.166324  0.663269
  0.353243 -0.166510  0.664189
  0.353719 -0.166696  0.665109
  0.354196 -0.166880  0.666029
  0.354676 -0.167062  0.666949
  0.355157 -0.167244  0.667869
  0.355639 -0.167424  0.668789
  0.356123 -0.167604  0.669709
  0.356609 -0.167782  0.670629
  0.357095 -0.167959  0.671549
  0.357583 -0.168136  0.672469
  0.358073 -0.168311  0.673388
  0.358564 -0.168486  0.674308
  0.359055 -0.168659  0.675228
  0.359549 -0.168832  0.676148
  0.360043 -0.169004  0.677068
  0.360539 -0.169175  0.677988
  0.361036 -0.169344  0.678908
  0.361534 -0.169514  0.679828
  0.362034 -0.169682  0.680748
  0.362535 -0.169849  0.681668
  0.363037 -0.170015  0.682588
  0.363541 -0.170180  0.683508
  0.364047 -0.170344  0.684428
  0.364554 -0.170507  0.685348
  0.365062 -0.170669  0.686267
  0.365573 -0.170830  0.687187
  0.366085 -0.170990  0.688107
  0.366598 -0.171149  0.689027
  0.367114 -0.171306  0.689947
  0.367631 -0.171463  0.690867
  0.368149 -0.171618  0.691787
  0.368670 -0.171773  0.692707
  0.369192 -0.171926  0.693627
  0.369716 -0.172078  0.694547
  0.370242 -0.172229  0.695467
  0.370769 -0.172378  0.696387
  0.371299 -0.172527  0.697307
  0.371830 -0.172674  0.698227
  0.372363 -0.172820  0.699146
  0.372898 -0.172965  0.700066
  0.373435 -0.173109  0.700986
  0.373974 -0.173251  0.701906
  0.374516 -0.173392  0.702826
  0.375059 -0.173532  0.703746
  0.375604 -0.173670  0.704666
  0.376151 -0.173808  0.705586
  0.376700 -0.173944  0.706506
  0.377252 -0.174078  0.707426
  0.377805 -0.174212  0.708346
  0.378360 -0.174344  0.709266
  0.378917 -0.174476  0.710186
  0.379476 -0.174606  0.711106
  0.380036 -0.174735  0.712025
  0.380599 -0.174863  0.712945
  0.381162 -0.174990  0.713865
  0.381728 -0.175117  0.714785
  0.382294 -0.175242  0.715705
  0.382863 -0.175367  0.716625
  0.383432 -0.175491  0.717545
  0.384003 -0.175614  0.718465
  0.384575 -0.175736  0.719385
  0.385148 -0.175858  0.720305
  0.385723 -0.175979  0.721225
  0.386298 -0.176099  0.722145
  0.386875 -0.176219  0.723065
  0.387453 -0.176338  0.723985
  0.388032 -0.176457  0.724905
  0.388612 -0.176575  0.725824
  0.389193 -0.176692  0.726744
  0.389775 -0.176809  0.727664
  0.390358 -0.176926  0.728584
  0.390942 -0.177042  0.729504
  0.391526 -0.177158  0.730424
  0.392111 -0.177274  0.731344
  0.392697 -0.177389  0.732264
  0.393283 -0.177504  0.733184
  0.393870 -0.177619  0.734104
  0.394458 -0.177733  0.735024
  0.395046 -0.177848  0.735944
  0.395634 -0.177962  0.736864
  0.396223 -0.178076  0.737784
  0.396812 -0.178190  0.738703
  0.397402 -0.178304  0.739623
  0.397992 -0.178417  0.740543
  0.398583 -0.178531  0.741463
  0.399174 -0.178644  0.742383
  0.399765 -0.178757  0.743303
  0.400357 -0.178870  0.744223
  0.400950 -0.178982  0.745143
  0.401543 -0.179095  0.746063
  0.402137 -0.179207  0.746983
  0.402731 -0.179318  0.747903
  0.403326 -0.179430  0.748823
  0.403922 -0.179541  0.749743
  0.404518 -0.179652  0.750663
  0.405115 -0.179763  0.751582
  0.405712 -0.179874  0.752502
  0.406310 -0.179984  0.753422
  0.406909 -0.180094  0.754342
  0.407508 -0.180204  0.755262
  0.408108 -0.180314  0.756182
  0.408708 -0.180423  0.757102
  0.409309 -0.180533  0.758022
  0.409911 -0.180642  0.758942
  0.410513 -0.180751  0.759862
  0.411115 -0.180860  0.760782
  0.411718 -0.180968  0.761702
  0.412322 -0.181077  0.762622
  0.412927 -0.181185  0.763542
  0.413532 -0.181293  0.764461
  0.414137 -0.181401  0.765381
  0.414744 -0.181509  0.766301
  0.415350 -0.181617  0.767221
  0.415958 -0.181724  0.768141
  0.416566 -0.181832  0.769061
  0.417174 -0.181939  0.769981
  0.417783 -0.182046  0.770901
  0.418393 -0.182154  0.771821
  0.419002 -0.182261  0.772741
  0.419612 -0.182368  0.773661
  0.420222 -0.182476  0.774581
  0.420832 -0.182584  0.775501
  0.421443 -0.182692  0.776421
  0.422053 -0.182800  0.777340
  0.422662 -0.182908  0.778260
  0.423272 -0.183017  0.779180
  0.423881 -0.183127  0.780100
  0.424490 -0.183236  0.781020
  0.425099 -0.183346  0.781940
  0.425707 -0.183457  0.782860
  0.426315 -0.183568  0.783780
  0.426922 -0.183680  0.784700
  0.427529 -0.183792  0.785620
  0.428135 -0.183904  0.786540
  0.428741 -0.184017  0.787460
  0.429346 -0.184131  0.788380
  0.429950 -0.184245  0.789300
  0.430554 -0.184360  0.790220
  0.431157 -0.184475  0.791139
  0.431760 -0.184591  0.792059
  0.432362 -0.184707  0.792979
  0.432963 -0.184824  0.793899
  0.433563 -0.184942  0.794819
  0.434162 -0.185060  0.795739
  0.434761 -0.185179  0.796659
  0.435359 -0.185299  0.797579
  0.435957 -0.185419  0.798499
  0.436553 -0.185539  0.799419
  0.437149 -0.185661  0.800339
  0.437744 -0.185783  0.801259
  0.438339 -0.185905  0.802179
  0.438933 -0.186028  0.803099
  0.439527 -0.186151  0.804018
  0.440120 -0.186275  0.804938
  0.440714 -0.186399  0.805858
  0.441307 -0.186524  0.806778
  0.441899 -0.186649  0.807698
  0.442492 -0.186774  0.808618
  0.443085 -0.186900  0.809538
  0.443678 -0.187025  0.810458
  0.444271 -0.187151  0.811378
  0.444864 -0.187278  0.812298
  0.445457 -0.187404  0.813218
  0.446051 -0.187531  0.814138
  0.446645 -0.187658  0.815058
  0.447238 -0.187785  0.815978
  0.447832 -0.187912  0.816897
  0.448427 -0.188040  0.817817
  0.449021 -0.188168  0.818737
  0.449616 -0.188297  0.819657
  0.450210 -0.188425  0.820577
  0.450805 -0.188554  0.821497
  0.451399 -0.188684  0.822417
  0.451994 -0.188813  0.823337
  0.452589 -0.188943  0.824257
  0.453184 -0.189074  0.825177
  0.453779 -0.189205  0.826097
  0.454373 -0.189336  0.827017
  0.454968 -0.189468  0.827937
  0.455563 -0.189600  0.828857
  0.456157 -0.189733  0.829776
  0.456751 -0.189866  0.830696
  0.457345 -0.190000  0.831616
  0.457939 -0.190134  0.832536
  0.458533 -0.190269  0.833456
  0.459126 -0.190404  0.834376
  0.459718 -0.190540  0.835296
  0.460311 -0.190677  0.836216
  0.460902 -0.190814  0.837136
  0.461493 -0.190952  0.838056
  0.462083 -0.191091  0.838976
  0.462673 -0.191231  0.839896
  0.463262 -0.191371  0.840816
  0.463850 -0.191512  0.841736
  0.464437 -0.191654  0.842655
  0.465024 -0.191796  0.843575
  0.465610 -0.191939  0.844495
  0.466195 -0.192083  0.845415
  0.466780 -0.192227  0.846335
  0.467365 -0.192372  0.847255
  0.467949 -0.192518  0.848175
  0.468533 -0.192664  0.849095
  0.469116 -0.192811  0.850015
  0.469700 -0.192958  0.850935
  0.470283 -0.193105  0.851855
  0.470867 -0.193253  0.852775
  0.471450 -0.193401  0.853695
  0.472034 -0.193549  0.854615
  0.472618 -0.193698  0.855535
  0.473202 -0.193847  0.856454
  0.473787 -0.193996  0.857374
  0.474372 -0.194145  0.858294
  0.474958 -0.194295  0.859214
  0.475544 -0.194445  0.860134
  0.476131 -0.194595  0.861054
  0.476718 -0.194745  0.861974
  0.477306 -0.194895  0.862894
  0.477895 -0.195045  0.863814
  0.478484 -0.195195  0.864734
  0.479074 -0.195346  0.865654
  0.479665 -0.195496  0.866574
  0.480257 -0.195647  0.867494
  0.480850 -0.195798  0.868414
  0.481443 -0.195949  0.869333
  0.482038 -0.196100  0.870253
  0.482633 -0.196251  0.871173
  0.483229 -0.196402  0.872093
  0.483826 -0.196553  0.873013
  0.484424 -0.196705  0.873933
  0.485023 -0.196856  0.874853
  0.485622 -0.197008  0.875773
  0.486222 -0.197160  0.876693
  0.486822 -0.197313  0.877613
  0.487423 -0.197466  0.878533
  0.488024 -0.197619  0.879453
  0.488625 -0.197773  0.880373
  0.489227 -0.197927  0.881293
  0.489828 -0.198081  0.882212
  0.490430 -0.198237  0.883132
  0.491032 -0.198392  0.884052
  0.491633 -0.198549  0.884972
  0.492235 -0.198706  0.885892
  0.492836 -0.198863  0.886812
  0.493438 -0.199021  0.887732
  0.494039 -0.199180  0.888652
  0.494640 -0.199339  0.889572
  0.495242 -0.199499  0.890492
  0.495843 -0.199659  0.891412
  0.496444 -0.199820  0.892332
  0.497045 -0.199981  0.893252
  0.497647 -0.200143  0.894172
  0.498248 -0.200306  0.895091
  0.498850 -0.200468  0.896011
  0.499452 -0.200631  0.896931
  0.500054 -0.200795  0.897851
  0.500657 -0.200959  0.898771
  0.501259 -0.201123  0.899691
  0.501863 -0.201287  0.900611
  0.502466 -0.201452  0.901531
  0.503070 -0.201617  0.902451
  0.503675 -0.201783  0.903371
  0.504280 -0.201948  0.904291
  0.504886 -0.202114  0.905211
  0.505492 -0.202280  0.906131
  0.506099 -0.202446  0.907051
  0.506707 -0.202613  0.907970
  0.507316 -0.202779  0.908890
  0.507926 -0.202946  0.909810
  0.508537 -0.203112  0.910730
  0.509148 -0.203279  0.911650
  0.509761 -0.203446  0.912570
  0.510375 -0.203613  0.913490
  0.510990 -0.203779  0.914410
  0.511606 -0.203946  0.915330
  0.512223 -0.204113  0.916250
  0.512841 -0.204281  0.917170
  0.513460 -0.204448  0.918090
  0.514079 -0.204615  0.919010
  0.514700 -0.204783  0.919930
  0.515321 -0.204951  0.920850
  0.515943 -0.205120  0.921769
  0.516565 -0.205288  0.922689
  0.517188 -0.205457  0.923609
  0.517811 -0.205627  0.924529
  0.518434 -0.205797  0.925449
  0.519058 -0.205968  0.926369
  0.519681 -0.206139  0.927289
  0.520305 -0.206311  0.928209
  0.520929 -0.206484  0.929129
  0.521552 -0.206657  0.930049
  0.522175 -0.206831  0.930969
  0.522799 -0.207005  0.931889
  0.523421 -0.207181  0.932809
  0.524044 -0.207357  0.933729
  0.524667 -0.207534  0.934648
  0.525289 -0.207711  0.935568
  0.525910 -0.207889  0.936488
  0.526532 -0.208069  0.937408
  0.527153 -0.208248  0.938328
  0.527773 -0.208429  0.939248
  0.528393 -0.208611  0.940168
  0.529013 -0.208793  0.941088
  0.529632 -0.208976  0.942008
  0.530251 -0.209160  0.942928
  0.530869 -0.209344  0.943848
  0.531487 -0.209529  0.944768
  0.532104 -0.209715  0.945688
  0.532721 -0.209902  0.946608
  0.533338 -0.210089  0.947527
  0.533954 -0.210277  0.948447
  0.534570 -0.210466  0.949367
  0.535186 -0.210655  0.950287
  0.535802 -0.210845  0.951207
  0.536419 -0.211035  0.952127
  0.537035 -0.211225  0.953047
  0.537651 -0.211416  0.953967
  0.538268 -0.211607  0.954887
  0.538884 -0.211799  0.955807
  0.539502 -0.211991  0.956727
  0.540119 -0.212184  0.957647
  0.540737 -0.212376  0.958567
  0.541355 -0.212570  0.959487
  0.541973 -0.212763  0.960406
  0.542592 -0.212957  0.961326
  0.543210 -0.213151  0.962246
  0.543830 -0.213346  0.963166
  0.544449 -0.213541  0.964086
  0.545068 -0.213736  0.965006
  0.545687 -0.213932  0.965926
  0.546307 -0.214128  0.966846
  0.546926 -0.214325  0.967766
  0.547545 -0.214523  0.968686
  0.548164 -0.214721  0.969606
  0.548783 -0.214920  0.970526
  0.549401 -0.215119  0.971446
  0.550019 -0.215319  0.972366
  0.550637 -0.215519  0.973285
  0.551254 -0.215721  0.974205
  0.551871 -0.215923  0.975125
  0.552487 -0.216126  0.976045
  0.553103 -0.216329  0.976965
  0.553718 -0.216533  0.977885
  0.554333 -0.216738  0.978805
  0.554947 -0.216944  0.979725
  0.555560 -0.217151  0.980645
  0.556172 -0.217359  0.981565
  0.556783 -0.217567  0.982485
  0.557393 -0.217777  0.983405
  0.558002 -0.217987  0.984325
  0.558610 -0.218198  0.985245
  0.559217 -0.218410  0.986165
  0.559823 -0.218624  0.987084
  0.560428 -0.218838  0.988004
  0.561031 -0.219053  0.988924
  0.561634 -0.219268  0.989844
  0.562236 -0.219485  0.990764
  0.562836 -0.219703  0.991684
  0.563436 -0.219921  0.992604
  0.564034 -0.220140  0.993524
  0.564632 -0.220360  0.994444
  0.565229 -0.220581  0.995364
  0.565826 -0.220802  0.996284
  0.566421 -0.221024  0.997204
  0.567017 -0.221247  0.998124
  0.567612 -0.221470  0.999044
  0.568206 -0.221694  0.999963
  0.568800 -0.221918  1.000883
  0.569393 -0.222143  1.001803
  0.569987 -0.222368  1.002723
  0.570579 -0.222594  1.003643
  0.571172 -0.222820  1.004563
  0.571764 -0.223047  1.005483
  0.572356 -0.223274  1.006403
  0.572948 -0.223502  1.007323
  0.573539 -0.223730  1.008243
  0.574130 -0.223959  1.009163
  0.574720 -0.224188  1.010083
  0.575311 -0.224418  1.011003
  0.575901 -0.224648  1.011923
  0.576491 -0.224879  1.012842
  0.577080 -0.225110  1.013762
  0.577669 -0.225342  1.014682
  0.578258 -0.225574  1.015602
  0.578847 -0.225807  1.016522
  0.579435 -0.226040  1.017442
  0.580023 -0.226274  1.018362
  0.580610 -0.226508  1.019282
  0.581197 -0.226743  1.020202
  0.581784 -0.226978  1.021122
  0.582370 -0.227214  1.022042
  0.582956 -0.227451  1.022962
  0.583541 -0.227688  1.023882
  0.584126 -0.227926  1.024802
  0.584709 -0.228165  1.025721
  0.585292 -0.228404  1.026641
  0.585875 -0.228644  1.027561
  0.586456 -0.228884  1.028481
  0.587036 -0.229126  1.029401
  0.587616 -0.229368  1.030321
  0.588194 -0.229611  1.031241
  0.588772 -0.229854  1.032161
  0.589348 -0.230098  1.033081
  0.589924 -0.230343  1.034001
  0.590499 -0.230589  1.034921
  0.591073 -0.230835  1.035841
  0.591646 -0.231081  1.036761
  0.592219 -0.231329  1.037681
  0.592790 -0.231577  1.038600
  0.593361 -0.231825  1.039520
  0.593931 -0.232074  1.040440
  0.594501 -0.232324  1.041360
  0.595069 -0.232574  1.042280
  0.595637 -0.232824  1.043200
  0.596205 -0.233075  1.044120
  0.596772 -0.233327  1.045040
  0.597338 -0.233579  1.045960
  0.597903 -0.233831  1.046880
  0.598467 -0.234084  1.047800
  0.599031 -0.234337  1.048720
  0.599595 -0.234591  1.049640
  0.600157 -0.234845  1.050560
  0.600719 -0.235100  1.051480
  0.601281 -0.235355  1.052399
  0.601841 -0.235610  1.053319
  0.602401 -0.235866  1.054239
  0.602961 -0.236122  1.055159
  0.603520 -0.236379  1.056079
  0.604078 -0.236636  1.056999
  0.604636 -0.236893  1.057919
  0.605194 -0.237151  1.058839
  0.605751 -0.237409  1.059759
  0.606308 -0.237668  1.060679
  0.606864 -0.237926  1.061599
  0.607420 -0.238185  1.062519
  0.607975 -0.238445  1.063439
  0.608530 -0.238705  1.064359
  0.609084 -0.238965  1.065278
  0.609638 -0.239226  1.066198
  0.610191 -0.239487  1.067118
  0.610744 -0.239748  1.068038
  0.611296 -0.240010  1.068958
  0.611847 -0.240273  1.069878
  0.612397 -0.240535  1.070798
  0.612947 -0.240799  1.071718
  0.613496 -0.241063  1.072638
  0.614044 -0.241327  1.073558
  0.614592 -0.241591  1.074478
  0.615139 -0.241857  1.075398
  0.615685 -0.242122  1.076318
  0.616230 -0.242388  1.077238
  0.616775 -0.242654  1.078157
  0.617319 -0.242921  1.079077
  0.617863 -0.243188  1.079997
  0.618405 -0.243456  1.080917
  0.618948 -0.243723  1.081837
  0.619490 -0.243992  1.082757
  0.620031 -0.244260  1.083677
  0.620571 -0.244529  1.084597
  0.621111 -0.244798  1.085517
  0.621651 -0.245067  1.086437
  0.622189 -0.245336  1.087357
  0.622727 -0.245606  1.088277
  0.623265 -0.245876  1.089197
  0.623801 -0.246147  1.090117
  0.624337 -0.246417  1.091036
  0.624872 -0.246688  1.091956
  0.625407 -0.246960  1.092876
  0.625940 -0.247231  1.093796
  0.626473 -0.247503  1.094716
  0.627005 -0.247775  1.095636
  0.627536 -0.248048  1.096556
  0.628066 -0.248320  1.097476
  0.628596 -0.248593  1.098396
  0.629124 -0.248866  1.099316
  0.629652 -0.249140  1.100236
  0.630179 -0.249413  1.101156
  0.630706 -0.249687  1.102076
  0.631231 -0.249961  1.102996
  0.631756 -0.250236  1.103915
  0.632279 -0.250510  1.104835
  0.632802 -0.250785  1.105755
  0.633324 -0.251061  1.106675
  0.633845 -0.251336  1.107595
  0.634365 -0.251612  1.108515
  0.634884 -0.251889  1.109435
  0.635402 -0.252165  1.110355
  0.635919 -0.252442  1.111275
  0.636434 -0.252720  1.112195
  0.636949 -0.252997  1.113115
  0.637462 -0.253276  1.114035
  0.637974 -0.253554  1.114955
  0.638486 -0.253833  1.115875
  0.638996 -0.254112  1.116795
  0.639505 -0.254392  1.117714
  0.640013 -0.254671  1.118634
  0.640520 -0.254952  1.119554
  0.641026 -0.255232  1.120474
  0.641532 -0.255513  1.121394
  0.642036 -0.255794  1.122314
  0.642540 -0.256075  1.123234
  0.643043 -0.256356  1.124154
  0.643545 -0.256638  1.125074
  0.644047 -0.256920  1.125994
  0.644547 -0.257202  1.126914
  0.645047 -0.257484  1.127834
  0.645547 -0.257766  1.128754
  0.646046 -0.258048  1.129674
  0.646544 -0.258331  1.130593
  0.647041 -0.258613  1.131513
  0.647538 -0.258896  1.132433
  0.648034 -0.259179  1.133353
  0.648529 -0.259462  1.134273
  0.649024 -0.259745  1.135193
  0.649518 -0.260028  1.136113
  0.650011 -0.260311  1.137033
  0.650504 -0.260594  1.137953
  0.650996 -0.260878  1.138873
  0.651488 -0.261161  1.139793
  0.651979 -0.261444  1.140713
  0.652469 -0.261728  1.141633
  0.652959 -0.262011  1.142553
  0.653449 -0.262294  1.143472
  0.653937 -0.262578  1.144392
  0.654426 -0.262861  1.145312
  0.654914 -0.263145  1.146232
  0.655401 -0.263428  1.147152
  0.655887 -0.263712  1.148072
  0.656373 -0.263996  1.148992
  0.656858 -0.264280  1.149912
  0.657342 -0.264564  1.150832
  0.657825 -0.264848  1.151752
  0.658307 -0.265132  1.152672
  0.658788 -0.265417  1.153592
  0.659269 -0.265702  1.154512
  0.659748 -0.265987  1.155432
  0.660225 -0.266273  1.156351
  0.660702 -0.266558  1.157271
  0.661178 -0.266845  1.158191
  0.661652 -0.267131  1.159111
  0.662125 -0.267418  1.160031
  0.662598 -0.267705  1.160951
  0.663068 -0.267992  1.161871
  0.663538 -0.268280  1.162791
  0.664007 -0.268568  1.163711
  0.664474 -0.268856  1.164631
  0.664940 -0.269144  1.165551
  0.665406 -0.269433  1.166471
  0.665870 -0.269722  1.167391
  0.666333 -0.270012  1.168311
  0.666795 -0.270301  1.169230
  0.667255 -0.270591  1.170150
  0.667715 -0.270881  1.171070
  0.668173 -0.271172  1.171990
  0.668630 -0.271462  1.172910
  0.669086 -0.271753  1.173830
  0.669541 -0.272044  1.174750
  0.669995 -0.272336  1.175670
  0.670447 -0.272627  1.176590
  0.670899 -0.272919  1.177510
  0.671349 -0.273210  1.178430
  0.671798 -0.273502  1.179350
  0.672247 -0.273794  1.180270
  0.672694 -0.274086  1.181190
  0.673140 -0.274379  1.182110
  0.673585 -0.274671  1.183029
  0.674029 -0.274963  1.183949
  0.674473 -0.275255  1.184869
  0.674915 -0.275548  1.185789
  0.675357 -0.275840  1.186709
  0.675797 -0.276132  1.187629
  0.676237 -0.276424  1.188549
  0.676676 -0.276717  1.189469
  0.677114 -0.277009  1.190389
  0.677551 -0.277301  1.191309
  0.677987 -0.277594  1.192229
  0.678421 -0.277886  1.193149
  0.678855 -0.278178  1.194069
  0.679288 -0.278471  1.194989
  0.679719 -0.278764  1.195908
  0.680149 -0.279056  1.196828
  0.680578 -0.279349  1.197748
  0.681006 -0.279642  1.198668
  0.681432 -0.279935  1.199588
  0.681857 -0.280228  1.200508
  0.682281 -0.280522  1.201428
  0.682704 -0.280815  1.202348
  0.683125 -0.281109  1.203268
  0.683545 -0.281403  1.204188
  0.683964 -0.281697  1.205108
  0.684381 -0.281992  1.206028
  0.684797 -0.282286  1.206948
  0.685212 -0.282581  1.207868
  0.685625 -0.282876  1.208787
  0.686037 -0.283171  1.209707
  0.686448 -0.283466  1.210627
  0.686857 -0.283761  1.211547
  0.687265 -0.284057  1.212467
  0.687671 -0.284353  1.213387
  0.688075 -0.284650  1.214307
  0.688478 -0.284946  1.215227
  0.688880 -0.285243  1.216147
  0.689279 -0.285540  1.217067
  0.689677 -0.285837  1.217987
  0.690073 -0.286135  1.218907
  0.690468 -0.286433  1.219827
  0.690860 -0.286731  1.220747
  0.691251 -0.287030  1.221666
  0.691641 -0.287328  1.222586
  0.692028 -0.287627  1.223506
  0.692414 -0.287926  1.224426
  0.692798 -0.288226  1.225346
  0.693180 -0.288525  1.226266
  0.693560 -0.288825  1.227186
  0.693939 -0.289125  1.228106
  0.694316 -0.289425  1.229026
  0.694691 -0.289725  1.229946
  0.695064 -0.290026  1.230866
  0.695435 -0.290326  1.231786
  0.695805 -0.290627  1.232706
  0.696172 -0.290928  1.233626
  0.696537 -0.291229  1.234545
  0.696901 -0.291530  1.235465
  0.697262 -0.291832  1.236385
  0.697621 -0.292134  1.237305
  0.697978 -0.292436  1.238225
  0.698332 -0.292738  1.239145
  0.698685 -0.293040  1.240065
  0.699035 -0.293343  1.240985
  0.699383 -0.293646  1.241905
  0.699728 -0.293949  1.242825
  0.700072 -0.294252  1.243745
  0.700413 -0.294555  1.244665
  0.700752 -0.294859  1.245585
  0.701089 -0.295163  1.246505
  0.701424 -0.295466  1.247425
  0.701757 -0.295770  1.248344
  0.702088 -0.296074  1.249264
  0.702416 -0.296379  1.250184
  0.702743 -0.296683  1.251104
  0.703068 -0.296987  1.252024
  0.703390 -0.297292  1.252944
  0.703711 -0.297597  1.253864
  0.704029 -0.297901  1.254784
  0.704346 -0.298206  1.255704
  0.704661 -0.298511  1.256624
  0.704973 -0.298816  1.257544
  0.705284 -0.299121  1.258464
  0.705592 -0.299426  1.259384
  0.705899 -0.299731  1.260304
  0.706203 -0.300037  1.261223
  0.706506 -0.300342  1.262143
  0.706807 -0.300647  1.263063
  0.707106 -0.300952  1.263983
  0.707403 -0.301257  1.264903
  0.707698 -0.301562  1.265823
  0.707992 -0.301867  1.266743
  0.708284 -0.302172  1.267663
  0.708574 -0.302477  1.268583
  0.708862 -0.302782  1.269503
  0.709149 -0.303086  1.270423
  0.709434 -0.303391  1.271343
  0.709717 -0.303695  1.272263
  0.709999 -0.304000  1.273183
  0.710278 -0.304304  1.274102
  0.710556 -0.304608  1.275022
  0.710832 -0.304912  1.275942
  0.711106 -0.305217  1.276862
  0.711378 -0.305521  1.277782
  0.711648 -0.305825  1.278702
  0.711916 -0.306129  1.279622
  0.712182 -0.306433  1.280542
  0.712445 -0.306737  1.281462
  0.712707 -0.307041  1.282382
  0.712966 -0.307345  1.283302
  0.713224 -0.307650  1.284222
  0.713479 -0.307954  1.285142
  0.713732 -0.308258  1.286062
  0.713983 -0.308563  1.286981
  0.714231 -0.308867  1.287901
  0.714478 -0.309172  1.288821
  0.714722 -0.309477  1.289741
  0.714965 -0.309782  1.290661
  0.715205 -0.310087  1.291581
  0.715444 -0.310392  1.292501
  0.715680 -0.310697  1.293421
  0.715915 -0.311003  1.294341
  0.716147 -0.311308  1.295261
  0.716377 -0.311614  1.296181
  0.716606 -0.311920  1.297101
  0.716833 -0.312226  1.298021
  0.717057 -0.312532  1.298941
  0.717280 -0.312838  1.299860
  0.717501 -0.313144  1.300780
  0.717720 -0.313451  1.301700
  0.717938 -0.313757  1.302620
  0.718154 -0.314064  1.303540
  0.718368 -0.314371  1.304460
  0.718581 -0.314677  1.305380
  0.718792 -0.314984  1.306300
  0.719002 -0.315291  1.307220
  0.719211 -0.315597  1.308140
  0.719418 -0.315904  1.309060
  0.719624 -0.316210  1.309980
  0.719829 -0.316517  1.310900
  0.720034 -0.316823  1.311820
  0.720237 -0.317129  1.312740
  0.720439 -0.317434  1.313659
  0.720640 -0.317740  1.314579
  0.720841 -0.318045  1.315499
  0.721040 -0.318350  1.316419
  0.721239 -0.318655  1.317339
  0.721436 -0.318960  1.318259
  0.721633 -0.319264  1.319179
  0.721829 -0.319568  1.320099
  0.722024 -0.319872  1.321019
  0.722218 -0.320176  1.321939
  0.722411 -0.320479  1.322859
  0.722603 -0.320782  1.323779
  0.722794 -0.321085  1.324699
  0.722985 -0.321387  1.325619
  0.723174 -0.321690  1.326538
  0.723363 -0.321992  1.327458
  0.723550 -0.322293  1.328378
  0.723737 -0.322594  1.329298
  0.723924 -0.322895  1.330218
  0.724109 -0.323196  1.331138
  0.724294 -0.323496  1.332058
  0.724478 -0.323796  1.332978
  0.724661 -0.324096  1.333898
  0.724844 -0.324395  1.334818
  0.725026 -0.324694  1.335738
  0.725207 -0.324993  1.336658
  0.725388 -0.325291  1.337578
  0.725568 -0.325589  1.338498
  0.725748 -0.325887  1.339417
  0.725926 -0.326185  1.340337
  0.726105 -0.326482  1.341257
  0.726282 -0.326779  1.342177
  0.726460 -0.327076  1.343097
  0.726636 -0.327373  1.344017
  0.726813 -0.327669  1.344937
  0.726989 -0.327965  1.345857
  0.727164 -0.328260  1.346777
  0.727340 -0.328556  1.347697
  0.727515 -0.328851  1.348617
  0.727690 -0.329146  1.349537
  0.727865 -0.329440  1.350457
  0.728041 -0.329734  1.351377
  0.728216 -0.330028  1.352296
  0.728392 -0.330321  1.353216
  0.728567 -0.330614  1.354136
  0.728743 -0.330906  1.355056
  0.728920 -0.331198  1.355976
  0.729096 -0.331490  1.356896
  0.729273 -0.331781  1.357816
  0.729451 -0.332072  1.358736
  0.729628 -0.332362  1.359656
  0.729806 -0.332652  1.360576
  0.729984 -0.332942  1.361496
  0.730162 -0.333231  1.362416
  0.730341 -0.333520  1.363336
  0.730520 -0.333808  1.364256
  0.730699 -0.334096  1.365175
  0.730879 -0.334384  1.366095
  0.731059 -0.334671  1.367015
  0.731239 -0.334958  1.367935
  0.731419 -0.335244  1.368855
  0.731600 -0.335530  1.369775
  0.731781 -0.335816  1.370695
  0.731962 -0.336101  1.371615
  0.732144 -0.336386  1.372535
  0.732326 -0.336670  1.373455
  0.732509 -0.336954  1.374375
  0.732692 -0.337237  1.375295
  0.732876 -0.337520  1.376215
  0.733060 -0.337803  1.377135
  0.733244 -0.338085  1.378055
  0.733430 -0.338367  1.378974
  0.733615 -0.338648  1.379894
  0.733801 -0.338929  1.380814
  0.733988 -0.339210  1.381734
  0.734176 -0.339490  1.382654
  0.734364 -0.339769  1.383574
  0.734552 -0.340049  1.384494
  0.734742 -0.340327  1.385414
  0.734932 -0.340606  1.386334
  0.735123 -0.340883  1.387254
  0.735315 -0.341161  1.388174
  0.735508 -0.341438  1.389094
  0.735702 -0.341714  1.390014
  0.735897 -0.341990  1.390934
  0.736093 -0.342265  1.391853
  0.736290 -0.342540  1.392773
  0.736489 -0.342813  1.393693
  0.736690 -0.343087  1.394613
  0.736892 -0.343359  1.395533
  0.737095 -0.343631  1.396453
  0.737300 -0.343903  1.397373
  0.737506 -0.344173  1.398293
  0.737714 -0.344443  1.399213
  0.737924 -0.344712  1.400133
  0.738135 -0.344981  1.401053
  0.738348 -0.345249  1.401973
  0.738563 -0.345516  1.402893
  0.738778 -0.345782  1.403813
  0.738996 -0.346048  1.404732
  0.739215 -0.346312  1.405652
  0.739435 -0.346576  1.406572
  0.739657 -0.346840  1.407492
  0.739880 -0.347102  1.408412
  0.740105 -0.347364  1.409332
  0.740331 -0.347625  1.410252
  0.740558 -0.347886  1.411172
  0.740787 -0.348145  1.412092
  0.741017 -0.348404  1.413012
  0.741249 -0.348663  1.413932
  0.741482 -0.348920  1.414852
  0.741716 -0.349177  1.415772
  0.741952 -0.349433  1.416692
  0.742189 -0.349688  1.417611
  0.742427 -0.349943  1.418531
  0.742666 -0.350197  1.419451
  0.742906 -0.350450  1.420371
  0.743148 -0.350703  1.421291
  0.743391 -0.350955  1.422211
  0.743635 -0.351207  1.423131
  0.743879 -0.351458  1.424051
  0.744125 -0.351708  1.424971
  0.744372 -0.351958  1.425891
  0.744620 -0.352207  1.426811
  0.744869 -0.352456  1.427731
  0.745119 -0.352704  1.428651
  0.745370 -0.352952  1.429571
  0.745623 -0.353200  1.430490
  0.745876 -0.353446  1.431410
  0.746131 -0.353693  1.432330
  0.746387 -0.353938  1.433250
  0.746645 -0.354184  1.434170
  0.746904 -0.354428  1.435090
  0.747165 -0.354672  1.436010
  0.747427 -0.354916  1.436930
  0.747691 -0.355159  1.437850
  0.747957 -0.355402  1.438770
  0.748225 -0.355644  1.439690
  0.748494 -0.355885  1.440610
  0.748765 -0.356126  1.441530
  0.749038 -0.356366  1.442450
  0.749313 -0.356606  1.443370
  0.749590 -0.356845  1.444289
  0.749868 -0.357084  1.445209
  0.750149 -0.357322  1.446129
  0.750431 -0.357559  1.447049
  0.750715 -0.357796  1.447969
  0.751001 -0.358033  1.448889
  0.751289 -0.358269  1.449809
  0.751578 -0.358504  1.450729
  0.751870 -0.358739  1.451649
  0.752163 -0.358973  1.452569
  0.752458 -0.359207  1.453489
  0.752755 -0.359440  1.454409
  0.753054 -0.359672  1.455329
  0.753354 -0.359904  1.456249
  0.753657 -0.360135  1.457168
  0.753961 -0.360366  1.458088
  0.754267 -0.360597  1.459008
  0.754574 -0.360826  1.459928
  0.754884 -0.361055  1.460848
  0.755195 -0.361284  1.461768
  0.755507 -0.361512  1.462688
  0.755821 -0.361740  1.463608
  0.756137 -0.361967  1.464528
  0.756454 -0.362194  1.465448
  0.756772 -0.362420  1.466368
  0.757091 -0.362646  1.467288
  0.757412 -0.362872  1.468208
  0.757734 -0.363097  1.469128
  0.758058 -0.363322  1.470047
  0.758382 -0.363546  1.470967
  0.758708 -0.363770  1.471887
  0.759035 -0.363994  1.472807
  0.759363 -0.364217  1.473727
  0.759692 -0.364440  1.474647
  0.760023 -0.364663  1.475567
  0.760355 -0.364885  1.476487
  0.760688 -0.365107  1.477407
  0.761022 -0.365329  1.478327
  0.761358 -0.365550  1.479247
  0.761695 -0.365771  1.480167
  0.762034 -0.365992  1.481087
  0.762374 -0.366212  1.482007
  0.762715 -0.366433  1.482926
  0.763057 -0.366653  1.483846
  0.763401 -0.366872  1.484766
  0.763746 -0.367092  1.485686
  0.764092 -0.367311  1.486606
  0.764439 -0.367530  1.487526
  0.764787 -0.367749  1.488446
  0.765137 -0.367967  1.489366
  0.765488 -0.368185  1.490286
  0.765840 -0.368404  1.491206
  0.766193 -0.368621  1.492126
  0.766547 -0.368839  1.493046
  0.766903 -0.369057  1.493966
  0.767259 -0.369274  1.494886
  0.767617 -0.369491  1.495805
  0.767976 -0.369708  1.496725
  0.768336 -0.369924  1.497645
  0.768697 -0.370141  1.498565
  0.769060 -0.370357  1.499485
