  0.007758 -0.000001  0.009698
  0.015510 -0.000007  0.019396
  0.023253 -0.000023  0.029095
  0.030980 -0.000055  0.038793
  0.038687 -0.000106  0.048491
  0.046371 -0.000181  0.058189
  0.054027 -0.000283  0.067887
  0.061652 -0.000417  0.077586
  0.069243 -0.000585  0.087284
  0.076798 -0.000790  0.096982
  0.084314 -0.001034  0.106680
  0.091790 -0.001318  0.116378
  0.099225 -0.001644  0.126076
  0.106619 -0.002014  0.135775
  0.113969 -0.002427  0.145473
  0.121277 -0.002884  0.155171
  0.128543 -0.003385  0.164869
  0.135766 -0.003931  0.174567
  0.142947 -0.004520  0.184266
  0.150088 -0.005153  0.193964
  0.157189 -0.005827  0.203662
  0.164252 -0.006542  0.213360
  0.171279 -0.007297  0.223058
  0.178271 -0.008089  0.232757
  0.185232 -0.008916  0.242455
  0.192164 -0.009777  0.252153
  0.199068 -0.010670  0.261851
  0.205949 -0.011591  0.271549
  0.212808 -0.012539  0.281248
  0.219650 -0.013511  0.290946
  0.226475 -0.014505  0.300644
  0.233287 -0.015519  0.310342
  0.240088 -0.016551  0.320040
  0.246879 -0.017600  0.329739
  0.253662 -0.018665  0.339437
  0.260438 -0.019745  0.349135
  0.267207 -0.020840  0.358833
  0.273968 -0.021950  0.368531
  0.280723 -0.023076  0.378229
  0.287468 -0.024217  0.387928
  0.294204 -0.025376  0.397626
  0.300928 -0.026553  0.407324
  0.307639 -0.027751  0.417022
  0.314334 -0.028970  0.426720
  0.321012 -0.030213  0.436419
  0.327669 -0.031481  0.446117
  0.334306 -0.032776  0.455815
  0.340918 -0.034099  0.465513
  0.347505 -0.035453  0.475211
  0.354064 -0.036838  0.484910
  0.360595 -0.038256  0.494608
  0.367095 -0.039710  0.504306
  0.373563 -0.041199  0.514004
  0.379997 -0.042726  0.523702
  0.386395 -0.044293  0.533401
  0.392757 -0.045901  0.543099
  0.399078 -0.047551  0.552797
  0.405358 -0.049246  0.562495
  0.411592 -0.050988  0.572193
  0.417779 -0.052778  0.581891
  0.423914 -0.054619  0.591590
  0.429995 -0.056513  0.601288
  0.436017 -0.058463  0.610986
  0.441977 -0.060470  0.620684
  0.447871 -0.062536  0.630382
  0.453696 -0.064662  0.640081
  0.459447 -0.066852  0.649779
  0.465123 -0.069105  0.659477
  0.470720 -0.071422  0.669175
  0.476237 -0.073804  0.678873
  0.481671 -0.076250  0.688572
  0.487023 -0.078761  0.698270
  0.492291 -0.081336  0.707968
  0.497477 -0.083972  0.717666
  0.502581 -0.086669  0.727364
  0.507605 -0.089425  0.737063
  0.512551 -0.092237  0.746761
  0.517421 -0.095102  0.756459
  0.522219 -0.098019  0.766157
  0.526946 -0.100984  0.775855
  0.531607 -0.103994  0.785553
  0.536204 -0.107048  0.795252
  0.540741 -0.110141  0.804950
  0.545221 -0.113271  0.814648
  0.549646 -0.116435  0.824346
  0.554021 -0.119632  0.834044
  0.558347 -0.122858  0.843743
  0.562627 -0.126111  0.853441
  0.566865 -0.129390  0.863139
  0.571063 -0.132692  0.872837
  0.575223 -0.136015  0.882535
  0.579347 -0.139359  0.892234
  0.583440 -0.142721  0.901932
  0.587503 -0.146100  0.911630
  0.591539 -0.149495  0.921328
  0.595550 -0.152905  0.931026
  0.599541 -0.156330  0.940725
  0.603512 -0.159768  0.950423
  0.607467 -0.163219  0.960121
  0.611408 -0.166682  0.969819
  0.615338 -0.170158  0.979517
  0.619258 -0.173647  0.989216
  0.623171 -0.177148  0.998914
  0.627078 -0.180663  1.008612
  0.630979 -0.184192  1.018310
  0.634876 -0.187736  1.028008
  0.638768 -0.191296  1.037706
  0.642656 -0.194874  1.047405
  0.646537 -0.198471  1.057103
  0.650411 -0.202088  1.066801
  0.654277 -0.205727  1.076499
  0.658133 -0.209389  1.086197
  0.661976 -0.213077  1.095896
  0.665804 -0.216791  1.105594
  0.669615 -0.220532  1.115292
  0.673407 -0.224304  1.124990
  0.677177 -0.228105  1.134688
  0.680922 -0.231937  1.144387
  0.684641 -0.235801  1.154085
  0.688330 -0.239697  1.163783
  0.691989 -0.243625  1.173481
  0.695616 -0.247586  1.183179
  0.699208 -0.251578  1.192878
