  0.002573  0.000007  0.000001  0.005080
  0.007718  0.000039 -0.000012  0.010160
  0.012863  0.000101 -0.000037  0.015240
  0.018008  0.000190 -0.000077  0.020320
  0.023153  0.000308 -0.000129  0.025400
  0.028299  0.000454 -0.000197  0.030480
  0.033444  0.000627 -0.000278  0.035560
  0.038589  0.000827 -0.000375  0.040640
  0.043733  0.001056 -0.000485  0.045720
  0.048878  0.001311 -0.000612  0.050800
  0.054023  0.001590 -0.000757  0.055880
  0.059168  0.001893 -0.000919  0.060960
  0.064313  0.002230 -0.001091  0.066040
  0.069458  0.002592 -0.001279  0.071120
  0.074602  0.002980 -0.001481  0.076200
  0.079747  0.003398 -0.001696  0.081280
  0.084891  0.003848 -0.001921  0.086360
  0.090035  0.004323 -0.002163  0.091440
  0.095180  0.004824 -0.002420  0.096520
  0.100323  0.005357 -0.002688  0.101600
  0.105467  0.005910 -0.002975  0.106680
  0.110611  0.006494 -0.003276  0.111760
  0.115757  0.007108 -0.003586  0.116840
  0.120902  0.007745 -0.003914  0.121920
  0.126046  0.008416 -0.004252  0.127000
  0.131190  0.009104 -0.004616  0.132080
  0.136335  0.009822 -0.004989  0.137160
  0.141481  0.010573 -0.005374  0.142240
  0.146627  0.011354 -0.005769  0.147320
  0.151774  0.012160 -0.006182  0.152400
  0.156920  0.013005 -0.006599  0.157480
  0.162066  0.013874 -0.007035  0.162560
  0.167210  0.014775 -0.007483  0.167640
  0.172354  0.015705 -0.007948  0.172720
  0.177497  0.016664 -0.008429  0.177800
  0.182640  0.017656 -0.008919  0.182880
  0.187783  0.018681 -0.009418  0.187960
  0.192925  0.019737 -0.009932  0.193040
  0.198067  0.020831 -0.010451  0.198120
  0.203207  0.021958 -0.010979  0.203200
  0.208346  0.023118 -0.011520  0.208280
  0.213484  0.024309 -0.012074  0.213360
  0.218622  0.025531 -0.012640  0.218440
  0.223757  0.026786 -0.013217  0.223520
  0.228891  0.028072 -0.013809  0.228600
  0.234024  0.029396 -0.014405  0.233680
  0.239156  0.030753 -0.015013  0.238760
  0.244284  0.032160 -0.015615  0.243840
  0.249409  0.033609 -0.016221  0.248920
  0.254529  0.035103 -0.016828  0.254000
  0.259648  0.036638 -0.017440  0.259080
  0.264762  0.038219 -0.018052  0.264160
  0.269874  0.039849 -0.018661  0.269240
  0.274981  0.041537 -0.019265  0.274320
  0.280085  0.043292 -0.019854  0.279400
  0.285185  0.045103 -0.020438  0.284480
  0.290279  0.046978 -0.021005  0.289560
  0.295365  0.048917 -0.021555  0.294640
  0.300445  0.050931 -0.022081  0.299720
  0.305519  0.053027 -0.022580  0.304800
  0.310588  0.055218 -0.023036  0.309880
  0.315648  0.057498 -0.023455  0.314960
  0.320699  0.059865 -0.023837  0.320040
  0.325740  0.062330 -0.024176  0.325120
  0.330767  0.064904 -0.024459  0.330200
  0.335781  0.067584 -0.024695  0.335280
  0.340783  0.070383 -0.024870  0.340360
  0.345766  0.073314 -0.024969  0.345440
  0.350735  0.076382 -0.024999  0.350520
  0.355685  0.079587 -0.024958  0.355600
  0.360613  0.082935 -0.024842  0.360680
  0.365521  0.086420 -0.024661  0.365760
  0.370405  0.090076 -0.024383  0.370840
  0.375264  0.093899 -0.024012  0.375920
  0.380100  0.097887 -0.023550  0.381000
  0.384908  0.102051 -0.022991  0.386080
  0.389685  0.106403 -0.022319  0.391160
  0.394433  0.110947 -0.021532  0.396240
  0.399150  0.115694 -0.020624  0.401320
  0.403835  0.120643 -0.019591  0.406400
  0.408488  0.125807 -0.018433  0.411480
  0.413110  0.131169 -0.017159  0.416560
  0.417698  0.136749 -0.015759  0.421640
  0.422252  0.142539 -0.014238  0.426720
  0.426771  0.148544 -0.012584  0.431800
  0.431259  0.154754 -0.010810  0.436880
  0.435712  0.161165 -0.008921  0.441960
  0.440133  0.167766 -0.006931  0.447040
  0.444523  0.174558 -0.004842  0.452121
  0.448880  0.181555 -0.002641  0.457200
  0.453204  0.188738 -0.000344  0.462281
  0.457499  0.196094  0.002031  0.467361
  0.461762  0.203640  0.004496  0.472441
  0.465998  0.211338  0.007017  0.477521
  0.470202  0.219183  0.009586  0.482601
  0.474379  0.227169  0.012204  0.487681
  0.478533  0.235298  0.014863  0.492761
  0.482665  0.243559  0.017555  0.497841
  0.486767  0.251935  0.020263  0.502921
  0.490848  0.260397  0.022960  0.508001
  0.494908  0.268919  0.025625  0.513081
  0.498951  0.277528  0.028280  0.518161
  0.502976  0.286190  0.030890  0.523241
  0.506986  0.294894  0.033444  0.528321
  0.510981  0.303625  0.035931  0.533401
  0.514961  0.312391  0.038359  0.538481
  0.518933  0.321178  0.040712  0.543561
  0.522893  0.329973  0.042980  0.548641
  0.526842  0.338770  0.045150  0.553721
  0.530775  0.347560  0.047218  0.558801
  0.534697  0.356337  0.049188  0.563881
  0.538604  0.365086  0.051044  0.568961
  0.542495  0.373821  0.052800  0.574041
  0.546368  0.382545  0.054459  0.579121
  0.550219  0.391243  0.056010  0.584201
  0.554044  0.399898  0.057435  0.589281
  0.557847  0.408522  0.058754  0.594361
  0.561622  0.417112  0.059960  0.599441
  0.565362  0.425653  0.061046  0.604521
  0.569064  0.434178  0.062048  0.609601
  0.572720  0.442654  0.062948  0.614681
  0.576321  0.451085  0.063749  0.619761
  0.579873  0.459496  0.064478  0.624841
  0.583372  0.467899  0.065154  0.629921
  0.586809  0.476318  0.065803  0.635001
  0.590176  0.484740  0.066426  0.640081
  0.593469  0.493163  0.067021  0.645161
  0.596683  0.501598  0.067612  0.650241
  0.599810  0.510050  0.068209  0.655321
  0.602840  0.518500  0.068804  0.660401
  0.605768  0.526952  0.069407  0.665481
  0.608596  0.535432  0.070051  0.670561
  0.611311  0.543940  0.070742  0.675641
  0.613914  0.552486  0.071505  0.680721
  0.616397  0.561074  0.072346  0.685801
  0.618755  0.569700  0.073273  0.690881
  0.620981  0.578364  0.074296  0.695961
  0.623073  0.587049  0.075410  0.701041
  0.625026  0.595755  0.076623  0.706121
  0.626832  0.604451  0.077916  0.711201
  0.628494  0.613146  0.079297  0.716281
  0.630005  0.621833  0.080767  0.721361
  0.631359  0.630477  0.082300  0.726441
  0.632560  0.639050  0.083884  0.731521
  0.633606  0.647543  0.085509  0.736601
  0.634494  0.655946  0.087159  0.741681
  0.635233  0.664297  0.088876  0.746761
  0.635812  0.672509  0.090585  0.751841
  0.636238  0.680581  0.092287  0.756921
  0.636509  0.688506  0.093976  0.762001
  0.636626  0.696246  0.095621  0.767081
  0.636591  0.703768  0.097193  0.772161
  0.636405  0.711068  0.098688  0.777241
  0.636065  0.718095  0.100052  0.782321
  0.635572  0.724823  0.101257  0.787401
  0.634935  0.731247  0.102306  0.792481
  0.634151  0.737316  0.103146  0.797561
  0.633224  0.743004  0.103753  0.802641
  0.632154  0.748309  0.104125  0.807721
  0.630944  0.753208  0.104243  0.812801
  0.629590  0.757675  0.104079  0.817881
  0.628096  0.761698  0.103624  0.822961
  0.626462  0.765244  0.102851  0.828041
  0.624686  0.768319  0.101756  0.833121
  0.622769  0.770919  0.100345  0.838201
  0.620710  0.772982  0.098563  0.843281
  0.618505  0.774480  0.096384  0.848361
  0.616154  0.775459  0.093848  0.853441
  0.613655  0.775911  0.090951  0.858521
  0.611003  0.775809  0.087671  0.863601
  0.608198  0.775154  0.084019  0.868681
  0.605236  0.773929  0.079982  0.873761
  0.602113  0.772107  0.075542  0.878841
  0.598829  0.769701  0.070719  0.883921
  0.595383  0.766730  0.065542  0.889001
  0.591770  0.763193  0.060024  0.894081
  0.587987  0.759060  0.054144  0.899161
  0.584032  0.754368  0.047940  0.904241
  0.579906  0.749144  0.041446  0.909321
  0.575598  0.743340  0.034630  0.914401
  0.571106  0.736947  0.027506  0.919481
  0.566426  0.729969  0.020080  0.924561
  0.561561  0.722437  0.012395  0.929641
  0.556512  0.714379  0.004484  0.934721
  0.551278  0.705794 -0.003637  0.939801
  0.545854  0.696704 -0.011936  0.944881
  0.540242  0.687123 -0.020395  0.949961
  0.534445  0.677046 -0.028999  0.955041
  0.528462  0.666493 -0.037723  0.960121
  0.522291  0.655485 -0.046528  0.965201
  0.515933  0.644032 -0.055409  0.970281
  0.509394  0.632172 -0.064317  0.975361
  0.502672  0.619909 -0.073241  0.980441
  0.495773  0.607259 -0.082166  0.985521
  0.488698  0.594246 -0.091058  0.990601
  0.481450  0.580893 -0.099887  0.995681
  0.474036  0.567234 -0.108614  1.000761
  0.466465  0.553267 -0.117224  1.005841
  0.458739  0.539037 -0.125675  1.010921
  0.450861  0.524568 -0.133946  1.016001
  0.442835  0.509901 -0.141989  1.021081
  0.434669  0.495048 -0.149791  1.026161
  0.426364  0.480038 -0.157326  1.031241
  0.417929  0.464910 -0.164553  1.036321
  0.409371  0.449696 -0.171437  1.041401
  0.400695  0.434452 -0.177928  1.046481
  0.391910  0.419197 -0.184006  1.051561
  0.383023  0.403965 -0.189647  1.056641
  0.374037  0.388777 -0.194839  1.061721
  0.364961  0.373653 -0.199563  1.066801
  0.355802  0.358617 -0.203801  1.071881
  0.346565  0.343686 -0.207539  1.076961
  0.337253  0.328882 -0.210757  1.082041
  0.327880  0.314221 -0.213450  1.087121
  0.318448  0.299729 -0.215591  1.092201
  0.308962  0.285418 -0.217184  1.097281
  0.299437  0.271314 -0.218207  1.102361
  0.289876  0.257418 -0.218660  1.107441
  0.280287  0.243726 -0.218559  1.112521
  0.270676  0.230230 -0.217919  1.117601
  0.261050  0.216942 -0.216748  1.122681
  0.251416  0.203848 -0.215063  1.127761
  0.241781  0.190930 -0.212890  1.132841
  0.232149  0.178168 -0.210262  1.137921
  0.222525  0.165547 -0.207203  1.143001
  0.212918  0.153039 -0.203752  1.148081
  0.203334  0.140631 -0.199941  1.153161
  0.193779  0.128275 -0.195824  1.158241
  0.184258  0.115942 -0.191443  1.163321
  0.174777  0.103592 -0.186848  1.168401
  0.165340  0.091197 -0.182084  1.173481
  0.155952  0.078707 -0.177208  1.178561
  0.146620  0.066089 -0.172270  1.183641
  0.137349  0.053288 -0.167337  1.188721
  0.128145  0.040275 -0.162454  1.193801
  0.119011  0.027007 -0.157675  1.198881
  0.109954  0.013464 -0.153042  1.203961
  0.100979 -0.000390 -0.148601  1.209041
  0.092091 -0.014584 -0.144397  1.214121
  0.083295 -0.029132 -0.140462  1.219201
  0.074594 -0.044061 -0.136835  1.224281
  0.065996 -0.059377 -0.133545  1.229361
  0.057503 -0.075086 -0.130612  1.234441
  0.049120 -0.091172 -0.128040  1.239521
  0.040853 -0.107627 -0.125842  1.244601
  0.032707 -0.124421 -0.124007  1.249681
  0.024686 -0.141529 -0.122534  1.254761
  0.016797 -0.158924 -0.121412  1.259841
  0.009045 -0.176548 -0.120610  1.264921
  0.001434 -0.194362 -0.120111  1.270001
 -0.006029 -0.212305 -0.119875  1.275081
 -0.013340 -0.230285 -0.119845  1.280161
 -0.020490 -0.248230 -0.119972  1.285241
 -0.027478 -0.266047 -0.120196  1.290321
 -0.034299 -0.283630 -0.120438  1.295401
 -0.040946 -0.300899 -0.120642  1.300481
 -0.047415 -0.317723 -0.120719  1.305561
 -0.053703 -0.334030 -0.120610  1.310641
 -0.059810 -0.349721 -0.120243  1.315722
 -0.065731 -0.364721 -0.119558  1.320801
 -0.071465 -0.378903 -0.118462  1.325881
 -0.077011 -0.392196 -0.116897  1.330961
 -0.082369 -0.404490 -0.114779  1.336041
 -0.087540 -0.415714 -0.112053  1.341121
 -0.092530 -0.425809 -0.108673  1.346202
 -0.097339 -0.434712 -0.104586  1.351282
 -0.101974 -0.442373 -0.099750  1.356362
 -0.106442 -0.448780 -0.094155  1.361441
 -0.110749 -0.453929 -0.087787  1.366521
 -0.114905 -0.457823 -0.080647  1.371601
 -0.118923 -0.460477 -0.072744  1.376682
 -0.122809 -0.461944 -0.064110  1.381762
 -0.126573 -0.462274 -0.054778  1.386842
 -0.130231 -0.461524 -0.044788  1.391922
 -0.133793 -0.459771 -0.034190  1.397002
 -0.137274 -0.457120 -0.023063  1.402082
 -0.140687 -0.453662 -0.011475  1.407162
 -0.144050 -0.449503  0.000495  1.412242
 -0.147368 -0.444728  0.012790  1.417322
 -0.150662 -0.439464  0.025311  1.422402
 -0.153938 -0.433822  0.037981  1.427482
 -0.157205 -0.427911  0.050719  1.432562
 -0.160478 -0.421849  0.063437  1.437642
 -0.163769 -0.415727  0.076064  1.442722
 -0.167086 -0.409662  0.088512  1.447802
 -0.170438 -0.403733  0.100720  1.452882
 -0.173823 -0.398035  0.112619  1.457962
 -0.177249 -0.392615  0.124161  1.463042
 -0.180723 -0.387549  0.135284  1.468122
 -0.184245 -0.382912  0.145926  1.473202
 -0.187822 -0.378769  0.156032  1.478282
 -0.191453 -0.375132  0.165585  1.483362
 -0.195138 -0.372024  0.174553  1.488442
 -0.198874 -0.369456  0.182924  1.493522
 -0.202659 -0.367418  0.190688  1.498602
