  0.002317  0.002317 -0.000017 -0.000015  0.004572
  0.006952  0.006952 -0.000035 -0.000054  0.009144
  0.011586  0.011586 -0.000031 -0.000105  0.013716
  0.016221  0.016221 -0.000003 -0.000167  0.018288
  0.020856  0.020856  0.000050 -0.000238  0.022860
  0.025491  0.025491  0.000129 -0.000318  0.027432
  0.030126  0.030126  0.000234 -0.000407  0.032004
  0.034761  0.034761  0.000363 -0.000507  0.036576
  0.039396  0.039396  0.000513 -0.000620  0.041148
  0.044032  0.044032  0.000688 -0.000743  0.045720
  0.048667  0.048667  0.000887 -0.000876  0.050292
  0.053303  0.053303  0.001113 -0.001017  0.054864
  0.057939  0.057939  0.001362 -0.001169  0.059436
  0.062575  0.062575  0.001639 -0.001329  0.064008
  0.067212  0.067212  0.001938 -0.001502  0.068580
  0.071848  0.071848  0.002263 -0.001684  0.073152
  0.076484  0.076484  0.002613 -0.001875  0.077724
  0.081121  0.081121  0.002990 -0.002075  0.082296
  0.085758  0.085758  0.003392 -0.002286  0.086868
  0.090395  0.090395  0.003821 -0.002504  0.091440
  0.095032  0.095032  0.004276 -0.002730  0.096012
  0.099669  0.099669  0.004756 -0.002966  0.100584
  0.104306  0.104306  0.005261 -0.003214  0.105156
  0.108943  0.108943  0.005787 -0.003472  0.109728
  0.113581  0.113581  0.006341 -0.003737  0.114300
  0.118219  0.118219  0.006920 -0.004012  0.118872
  0.122857  0.122857  0.007526 -0.004296  0.123444
  0.127495  0.127495  0.008152 -0.004593  0.128016
  0.132133  0.132133  0.008807 -0.004898  0.132588
  0.136771  0.136771  0.009482 -0.005216  0.137160
  0.141409  0.141409  0.010178 -0.005550  0.141732
  0.146047  0.146047  0.010898 -0.005893  0.146304
  0.150685  0.150685  0.011638 -0.006251  0.150876
  0.155324  0.155324  0.012403 -0.006619  0.155448
  0.159963  0.159963  0.013191 -0.006999  0.160020
  0.164602  0.164602  0.014003 -0.007387  0.164592
  0.169240  0.169240  0.014838 -0.007784  0.169164
  0.173878  0.173878  0.015693 -0.008196  0.173736
  0.178516  0.178516  0.016568 -0.008621  0.178308
  0.183154  0.183154  0.017467 -0.009060  0.182880
  0.187792  0.187792  0.018389 -0.009509  0.187452
  0.192430  0.192430  0.019335 -0.009971  0.192024
  0.197067  0.197067  0.020304 -0.010444  0.196596
  0.201704  0.201704  0.021301 -0.010926  0.201168
  0.206340  0.206340  0.022321 -0.011417  0.205740
  0.210976  0.210976  0.023368 -0.011916  0.210312
  0.215612  0.215612  0.024442 -0.012425  0.214884
  0.220249  0.220249  0.025548 -0.012938  0.219456
  0.224886  0.224886  0.026687 -0.013456  0.224028
  0.229524  0.229524  0.027852 -0.013982  0.228600
  0.234161  0.234161  0.029047 -0.014517  0.233172
  0.238797  0.238797  0.030273 -0.015056  0.237744
  0.243431  0.243431  0.031534 -0.015597  0.242316
  0.248063  0.248063  0.032827 -0.016142  0.246888
  0.252694  0.252694  0.034162 -0.016683  0.251460
  0.257323  0.257323  0.035542 -0.017218  0.256032
  0.261950  0.261950  0.036967 -0.017746  0.260604
  0.266576  0.266576  0.038433 -0.018272  0.265176
  0.271199  0.271199  0.039946 -0.018787  0.269748
  0.275817  0.275817  0.041505 -0.019293  0.274320
  0.280433  0.280433  0.043119 -0.019783  0.278892
  0.285044  0.285044  0.044785 -0.020261  0.283464
  0.289651  0.289651  0.046509 -0.020723  0.288036
  0.294252  0.294252  0.048302 -0.021158  0.292608
  0.298847  0.298847  0.050165 -0.021564  0.297180
  0.303434  0.303434  0.052098 -0.021944  0.301752
  0.308014  0.308014  0.054110 -0.022293  0.306324
  0.312588  0.312588  0.056205 -0.022605  0.310896
  0.317152  0.317152  0.058383 -0.022884  0.315468
  0.321707  0.321707  0.060644 -0.023126  0.320040
  0.326253  0.326253  0.063001 -0.023325  0.324612
  0.330787  0.330787  0.065455 -0.023474  0.329184
  0.335311  0.335311  0.068004 -0.023576  0.333756
  0.339821  0.339821  0.070658 -0.023628  0.338328
  0.344318  0.344318  0.073425 -0.023623  0.342900
  0.348798  0.348798  0.076296 -0.023567  0.347472
  0.353262  0.353262  0.079283 -0.023447  0.352044
  0.357708  0.357708  0.082391 -0.023267  0.356616
  0.362138  0.362138  0.085630 -0.023016  0.361188
  0.366548  0.366548  0.088996 -0.022697  0.365760
  0.370939  0.370939  0.092497 -0.022300  0.370332
  0.375309  0.375309  0.096137 -0.021828  0.374904
  0.379658  0.379658  0.099923 -0.021274  0.379476
  0.383986  0.383986  0.103852 -0.020640  0.384048
  0.388290  0.388290  0.107935 -0.019917  0.388620
  0.392568  0.392568  0.112166 -0.019111  0.393192
  0.396821  0.396821  0.116564 -0.018204  0.397764
  0.401048  0.401048  0.121125 -0.017199  0.402336
  0.405248  0.405248  0.125849 -0.016098  0.406908
  0.409422  0.409422  0.130731 -0.014904  0.411480
  0.413569  0.413569  0.135767 -0.013627  0.416052
  0.417687  0.417687  0.140963 -0.012260  0.420624
  0.421776  0.421776  0.146321 -0.010800  0.425196
  0.425835  0.425835  0.151845 -0.009241  0.429768
  0.429865  0.429865  0.157536 -0.007586  0.434340
  0.433869  0.433869  0.163392 -0.005840  0.438912
  0.437842  0.437842  0.169406 -0.004010  0.443484
  0.441789  0.441789  0.175574 -0.002097  0.448056
  0.445710  0.445710  0.181889 -0.000105  0.452628
  0.449603  0.449603  0.188347  0.001958  0.457200
  0.453470  0.453470  0.194939  0.004082  0.461773
  0.457313  0.457313  0.201668  0.006266  0.466345
  0.461132  0.461132  0.208515  0.008492  0.470917
  0.464928  0.464928  0.215486  0.010767  0.475489
  0.468702  0.468702  0.222570  0.013081  0.480061
  0.472453  0.472453  0.229767  0.015433  0.484633
  0.476183  0.476183  0.237066  0.017810  0.489205
  0.479891  0.479891  0.244452  0.020204  0.493777
  0.483578  0.483578  0.251913  0.022600  0.498349
  0.487246  0.487246  0.259447  0.024993  0.502921
  0.490895  0.490895  0.267051  0.027381  0.507493
  0.494528  0.494528  0.274706  0.029743  0.512065
  0.498146  0.498146  0.282427  0.032094  0.516637
  0.501751  0.501751  0.290201  0.034422  0.521209
  0.505342  0.505342  0.298020  0.036720  0.525781
  0.508920  0.508920  0.305872  0.038974  0.530353
  0.512485  0.512485  0.313736  0.041165  0.534925
  0.516035  0.516035  0.321602  0.043291  0.539497
  0.519570  0.519570  0.329477  0.045354  0.544069
  0.523092  0.523092  0.337357  0.047344  0.548641
  0.526600  0.526600  0.345235  0.049255  0.553213
  0.530091  0.530091  0.353119  0.051106  0.557785
  0.533566  0.533566  0.360993  0.052879  0.562357
  0.537024  0.537024  0.368879  0.054594  0.566929
  0.540466  0.540466  0.376762  0.056245  0.571501
  0.543888  0.543888  0.384626  0.057811  0.576073
  0.547290  0.547290  0.392487  0.059311  0.580645
  0.550667  0.550667  0.400331  0.060732  0.585217
  0.554018  0.554018  0.408151  0.062078  0.589789
  0.557340  0.557340  0.415964  0.063362  0.594361
  0.560628  0.560628  0.423744  0.064565  0.598933
  0.563880  0.563880  0.431512  0.065709  0.603505
  0.567093  0.567093  0.439259  0.066792  0.608077
  0.570262  0.570262  0.446989  0.067824  0.612649
  0.573384  0.573384  0.454708  0.068809  0.617221
  0.576456  0.576456  0.462413  0.069752  0.621793
  0.579473  0.579473  0.470107  0.070662  0.626365
  0.582432  0.582432  0.477804  0.071553  0.630937
  0.585331  0.585331  0.485513  0.072438  0.635509
  0.588163  0.588163  0.493220  0.073311  0.640081
  0.590923  0.590923  0.500920  0.074172  0.644653
  0.593611  0.593611  0.508621  0.075036  0.649225
  0.596222  0.596222  0.516345  0.075927  0.653797
  0.598748  0.598748  0.524068  0.076828  0.658369
  0.601188  0.601188  0.531786  0.077747  0.662941
  0.603536  0.603536  0.539511  0.078699  0.667513
  0.605788  0.605788  0.547242  0.079682  0.672085
  0.607940  0.607940  0.554975  0.080701  0.676657
  0.609987  0.609987  0.562705  0.081755  0.681229
  0.611927  0.611927  0.570420  0.082839  0.685801
  0.613758  0.613758  0.578120  0.083959  0.690373
  0.615478  0.615478  0.585802  0.085119  0.694945
  0.617085  0.617085  0.593461  0.086324  0.699517
  0.618574  0.618574  0.601095  0.087565  0.704089
  0.619944  0.619944  0.608686  0.088835  0.708661
  0.621193  0.621193  0.616203  0.090113  0.713233
  0.622319  0.622319  0.623638  0.091392  0.717805
  0.623323  0.623323  0.630990  0.092673  0.722377
  0.624204  0.624204  0.638260  0.093959  0.726949
  0.624960  0.624960  0.645423  0.095237  0.731521
  0.625590  0.625590  0.652463  0.096490  0.736093
  0.626092  0.626092  0.659369  0.097701  0.740665
  0.626466  0.626466  0.666105  0.098846  0.745237
  0.626714  0.626714  0.672689  0.099935  0.749809
  0.626834  0.626834  0.679089  0.100941  0.754381
  0.626825  0.626825  0.685293  0.101858  0.758953
  0.626692  0.626692  0.691282  0.102666  0.763525
  0.626438  0.626438  0.697046  0.103359  0.768097
  0.626064  0.626064  0.702569  0.103922  0.772669
  0.625569  0.625569  0.707839  0.104339  0.777241
  0.624954  0.624954  0.712826  0.104587  0.781813
  0.624222  0.624222  0.717551  0.104677  0.786385
  0.623370  0.623370  0.721968  0.104575  0.790957
  0.622399  0.622399  0.726062  0.104265  0.795529
  0.621310  0.621310  0.729815  0.103730  0.800101
  0.620104  0.620104  0.733211  0.102952  0.804673
  0.618779  0.618779  0.736226  0.101911  0.809245
  0.617335  0.617335  0.738863  0.100610  0.813817
  0.615773  0.615773  0.741122  0.099050  0.818389
  0.614093  0.614093  0.742989  0.097216  0.822961
  0.612294  0.612294  0.744443  0.095099  0.827533
  0.610375  0.610375  0.745461  0.092679  0.832105
  0.608336  0.608336  0.746040  0.089956  0.836677
  0.606177  0.606177  0.746178  0.086929  0.841249
  0.603894  0.603894  0.745864  0.083593  0.845821
  0.601487  0.601487  0.745094  0.079948  0.850393
  0.598951  0.598951  0.743856  0.075983  0.854965
  0.596287  0.596287  0.742148  0.071707  0.859537
  0.593492  0.593492  0.739963  0.067119  0.864109
  0.590564  0.590564  0.737298  0.062218  0.868681
  0.587500  0.587500  0.734170  0.057027  0.873253
  0.584299  0.584299  0.730580  0.051548  0.877825
  0.580957  0.580957  0.726523  0.045788  0.882397
  0.577473  0.577473  0.722000  0.039754  0.886969
  0.573848  0.573848  0.717040  0.033486  0.891541
  0.570078  0.570078  0.711647  0.026995  0.896113
  0.566161  0.566161  0.705819  0.020290  0.900685
  0.562092  0.562092  0.699567  0.013387  0.905257
  0.557871  0.557871  0.692876  0.006283  0.909829
  0.553494  0.553494  0.685766 -0.000998  0.914401
  0.548961  0.548961  0.678254 -0.008433  0.918973
  0.544270  0.544270  0.670323 -0.016018  0.923545
  0.539424  0.539424  0.662010 -0.023718  0.928117
  0.534420  0.534420  0.653325 -0.031519  0.932689
  0.529260  0.529260  0.644268 -0.039409  0.937261
  0.523941  0.523941  0.634842 -0.047378  0.941833
  0.518464  0.518464  0.625051 -0.055415  0.946405
  0.512830  0.512830  0.614937 -0.063472  0.950977
  0.507039  0.507039  0.604499 -0.071541  0.955549
  0.501092  0.501092  0.593736 -0.079612  0.960121
  0.494993  0.494993  0.582683 -0.087648  0.964693
  0.488745  0.488745  0.571361 -0.095618  0.969265
  0.482351  0.482351  0.559779 -0.103515  0.973837
  0.475813  0.475813  0.547967 -0.111302  0.978409
  0.469131  0.469131  0.535924 -0.118973  0.982981
  0.462312  0.462312  0.523662 -0.126510  0.987553
  0.455356  0.455356  0.511195 -0.133904  0.992125
  0.448267  0.448267  0.498537 -0.141136  0.996697
  0.441049  0.441049  0.485714 -0.148179  1.001269
  0.433706  0.433706  0.472744 -0.155015  1.005841
  0.426246  0.426246  0.459644 -0.161627  1.010413
  0.418674  0.418674  0.446430 -0.167997  1.014985
  0.410994  0.410994  0.433113 -0.174113  1.019557
  0.403211  0.403211  0.419713 -0.179956  1.024129
  0.395328  0.395328  0.406247 -0.185506  1.028701
  0.387351  0.387351  0.392726 -0.190757  1.033273
  0.379286  0.379286  0.379165 -0.195701  1.037845
  0.371137  0.371137  0.365585 -0.200318  1.042417
  0.362912  0.362912  0.352011 -0.204584  1.046989
  0.354613  0.354613  0.338444 -0.208509  1.051561
  0.346246  0.346246  0.324901 -0.212078  1.056133
  0.337816  0.337816  0.311386 -0.215288  1.060705
  0.329331  0.329331  0.297910 -0.218134  1.065277
  0.320796  0.320796  0.284481 -0.220612  1.069849
  0.312215  0.312215  0.271114 -0.222713  1.074421
  0.303596  0.303596  0.257814 -0.224434  1.078993
  0.294946  0.294946  0.244584 -0.225784  1.083565
  0.286268  0.286268  0.231430 -0.226763  1.088137
  0.277568  0.277568  0.218362 -0.227370  1.092709
  0.268853  0.268853  0.205376 -0.227615  1.097281
  0.260129  0.260129  0.192477 -0.227502  1.101853
  0.251400  0.251400  0.179656 -0.227047  1.106425
  0.242670  0.242670  0.166901 -0.226269  1.110997
  0.233944  0.233944  0.154211 -0.225181  1.115569
  0.225228  0.225228  0.141591 -0.223787  1.120141
  0.216529  0.216529  0.129040 -0.222101  1.124713
  0.207848  0.207848  0.116542 -0.220142  1.129285
  0.199194  0.199194  0.104070 -0.217950  1.133857
  0.190571  0.190571  0.091616 -0.215539  1.138429
  0.181982  0.181982  0.079173 -0.212933  1.143001
  0.173434  0.173434  0.066716 -0.210160  1.147573
  0.164929  0.164929  0.054243 -0.207236  1.152145
  0.156473  0.156473  0.041731 -0.204191  1.156717
  0.148069  0.148069  0.029168 -0.201050  1.161289
  0.139724  0.139724  0.016539 -0.197838  1.165861
  0.131440  0.131440  0.003834 -0.194576  1.170433
  0.123221  0.123221 -0.008963 -0.191290  1.175005
  0.115071  0.115071 -0.021865 -0.188003  1.179577
  0.106993  0.106993 -0.034885 -0.184740  1.184149
  0.098990  0.098990 -0.048032 -0.181519  1.188721
  0.091064  0.091064 -0.061311 -0.178358  1.193293
  0.083221  0.083221 -0.074727 -0.175274  1.197865
  0.075462  0.075462 -0.088277 -0.172274  1.202437
  0.067793  0.067793 -0.101966 -0.169375  1.207009
  0.060215  0.060215 -0.115791 -0.166588  1.211581
  0.052732  0.052732 -0.129740 -0.163912  1.216153
  0.045348  0.045348 -0.143800 -0.161349  1.220725
  0.038064  0.038064 -0.157955 -0.158896  1.225297
  0.030885  0.030885 -0.172183 -0.156547  1.229869
  0.023811  0.023811 -0.186466 -0.154295  1.234441
  0.016847  0.016847 -0.200778 -0.152128  1.239013
  0.009995  0.009995 -0.215071 -0.150016  1.243585
  0.003257  0.003257 -0.229321 -0.147947  1.248157
 -0.003366 -0.003366 -0.243488 -0.145896  1.252729
 -0.009871 -0.009871 -0.257525 -0.143835  1.257301
 -0.016257 -0.016257 -0.271406 -0.141747  1.261873
 -0.022523 -0.022523 -0.285069 -0.139591  1.266445
 -0.028666 -0.028666 -0.298478 -0.137341  1.271017
 -0.034687 -0.034687 -0.311567 -0.134952  1.275589
 -0.040586 -0.040586 -0.324302 -0.132403  1.280161
 -0.046359 -0.046359 -0.336613 -0.129639  1.284733
 -0.052009 -0.052009 -0.348456 -0.126631  1.289305
 -0.057535 -0.057535 -0.359778 -0.123342  1.293877
 -0.062939 -0.062939 -0.370545 -0.119745  1.298449
 -0.068223 -0.068223 -0.380716 -0.115811  1.303021
 -0.073388 -0.073388 -0.390241 -0.111504  1.307593
 -0.078438 -0.078438 -0.399084 -0.106798  1.312165
 -0.083373 -0.083373 -0.407216 -0.101670  1.316737
 -0.088195 -0.088195 -0.414614 -0.096101  1.321309
 -0.092909 -0.092909 -0.421247 -0.090073  1.325881
 -0.097519 -0.097519 -0.427108 -0.083578  1.330454
 -0.102029 -0.102029 -0.432193 -0.076616  1.335025
 -0.106445 -0.106445 -0.436493 -0.069183  1.339597
 -0.110771 -0.110771 -0.440015 -0.061284  1.344169
 -0.115015 -0.115015 -0.442783 -0.052941  1.348742
 -0.119180 -0.119180 -0.444816 -0.044167  1.353313
 -0.123274 -0.123274 -0.446155 -0.034995  1.357885
 -0.127300 -0.127300 -0.446803 -0.025429  1.362458
 -0.131264 -0.131264 -0.446817 -0.015515  1.367030
 -0.135172 -0.135172 -0.446238 -0.005286  1.371601
 -0.139029 -0.139029 -0.445117  0.005218  1.376173
 -0.142843 -0.142843 -0.443503  0.015958  1.380746
 -0.146618 -0.146618 -0.441452  0.026886  1.385318
 -0.150358 -0.150358 -0.439029  0.037953  1.389889
 -0.154072 -0.154072 -0.436285  0.049110  1.394462
 -0.157764 -0.157764 -0.433284  0.060309  1.399034
 -0.161439 -0.161439 -0.430093  0.071494  1.403606
 -0.165099 -0.165099 -0.426755  0.082625  1.408177
 -0.168746 -0.168746 -0.423321  0.093658  1.412750
 -0.172385 -0.172385 -0.419833  0.104558  1.417322
 -0.176015 -0.176015 -0.416353  0.115274  1.421894
 -0.179640 -0.179640 -0.412924  0.125764  1.426466
 -0.183263 -0.183263 -0.409603  0.135980  1.431038
 -0.186882 -0.186882 -0.406407  0.145900  1.435610
 -0.190500 -0.190500 -0.403393  0.155476  1.440182
 -0.194111 -0.194111 -0.400559  0.164701  1.444754
 -0.197716 -0.197716 -0.397942  0.173535  1.449326
 -0.201313 -0.201313 -0.395558  0.181962  1.453898
 -0.204900 -0.204900 -0.393404  0.189966  1.458470
 -0.208474 -0.208474 -0.391487  0.197533  1.463042
 -0.212033 -0.212033 -0.389804  0.204656  1.467614
 -0.215572 -0.215572 -0.388351  0.211324  1.472186
 -0.219086 -0.219086 -0.387123  0.217535  1.476758
 -0.222574 -0.222574 -0.386099  0.223292  1.481330
 -0.226031 -0.226031 -0.385272  0.228593  1.485902
 -0.229452 -0.229452 -0.384616  0.233444  1.490474
 -0.232830 -0.232830 -0.384100  0.237859  1.495046
 -0.236163 -0.236163 -0.383692  0.241852  1.499618
