  0.000446  0.000000  0.000558
  0.000892  0.000000  0.001115
  0.001338  0.000000  0.001673
  0.001784  0.000000  0.002230
  0.002230  0.000000  0.002788
  0.002676  0.000000  0.003345
  0.003122  0.000000  0.003903
  0.003568  0.000000  0.004460
  0.004014 -0.000000  0.005018
  0.004460 -0.000000  0.005576
  0.004906 -0.000000  0.006133
  0.005352 -0.000001  0.006691
  0.005798 -0.000001  0.007248
  0.006244 -0.000001  0.007806
  0.006690 -0.000001  0.008363
  0.007135 -0.000002  0.008921
  0.007581 -0.000002  0.009479
  0.008027 -0.000002  0.010036
  0.008472 -0.000003  0.010594
  0.008918 -0.000003  0.011151
  0.009363 -0.000004  0.011709
  0.009808 -0.000005  0.012266
  0.010254 -0.000005  0.012824
  0.010699 -0.000006  0.013381
  0.011144 -0.000007  0.013939
  0.011589 -0.000008  0.014497
  0.012034 -0.000009  0.015054
  0.012479 -0.000010  0.015612
  0.012924 -0.000012  0.016169
  0.013369 -0.000013  0.016727
  0.013813 -0.000014  0.017284
  0.014258 -0.000016  0.017842
  0.014702 -0.000017  0.018400
  0.015147 -0.000019  0.018957
  0.015591 -0.000021  0.019515
  0.016035 -0.000023  0.020072
  0.016479 -0.000024  0.020630
  0.016923 -0.000027  0.021187
  0.017367 -0.000029  0.021745
  0.017811 -0.000031  0.022302
  0.018254 -0.000033  0.022860
  0.018698 -0.000036  0.023418
  0.019141 -0.000038  0.023975
  0.019584 -0.000041  0.024533
  0.020028 -0.000044  0.025090
  0.020471 -0.000047  0.025648
  0.020914 -0.000050  0.026205
  0.021356 -0.000053  0.026763
  0.021799 -0.000057  0.027321
  0.022241 -0.000060  0.027878
  0.022684 -0.000064  0.028436
  0.023126 -0.000067  0.028993
  0.023568 -0.000071  0.029551
  0.024010 -0.000075  0.030108
  0.024452 -0.000079  0.030666
  0.024893 -0.000084  0.031223
  0.025335 -0.000088  0.031781
  0.025776 -0.000093  0.032339
  0.026218 -0.000097  0.032896
  0.026659 -0.000102  0.033454
  0.027100 -0.000107  0.034011
  0.027541 -0.000112  0.034569
  0.027981 -0.000117  0.035126
  0.028422 -0.000123  0.035684
  0.028862 -0.000128  0.036241
  0.029302 -0.000134  0.036799
  0.029742 -0.000140  0.037357
  0.030182 -0.000146  0.037914
  0.030622 -0.000152  0.038472
  0.031062 -0.000158  0.039029
  0.031501 -0.000164  0.039587
  0.031940 -0.000171  0.040144
  0.032379 -0.000178  0.040702
  0.032818 -0.000184  0.041260
  0.033257 -0.000191  0.041817
  0.033696 -0.000198  0.042375
  0.034134 -0.000206  0.042932
  0.034573 -0.000213  0.043490
  0.035011 -0.000221  0.044047
  0.035449 -0.000229  0.044605
  0.035887 -0.000237  0.045162
  0.036325 -0.000245  0.045720
  0.036762 -0.000253  0.046278
  0.037199 -0.000261  0.046835
  0.037637 -0.000270  0.047393
  0.038074 -0.000278  0.047950
  0.038511 -0.000287  0.048508
  0.038947 -0.000296  0.049065
  0.039384 -0.000305  0.049623
  0.039820 -0.000315  0.050181
  0.040257 -0.000324  0.050738
  0.040693 -0.000334  0.051296
  0.041129 -0.000344  0.051853
  0.041564 -0.000354  0.052411
  0.042000 -0.000364  0.052968
  0.042435 -0.000374  0.053526
  0.042871 -0.000384  0.054083
  0.043306 -0.000395  0.054641
  0.043741 -0.000406  0.055199
  0.044175 -0.000417  0.055756
  0.044610 -0.000428  0.056314
  0.045045 -0.000439  0.056871
  0.045479 -0.000450  0.057429
  0.045913 -0.000462  0.057986
  0.046347 -0.000473  0.058544
  0.046781 -0.000485  0.059102
  0.047215 -0.000497  0.059659
  0.047648 -0.000509  0.060217
  0.048081 -0.000522  0.060774
  0.048515 -0.000534  0.061332
  0.048948 -0.000547  0.061889
  0.049381 -0.000559  0.062447
  0.049813 -0.000572  0.063004
  0.050246 -0.000585  0.063562
  0.050678 -0.000599  0.064120
  0.051111 -0.000612  0.064677
  0.051543 -0.000625  0.065235
  0.051975 -0.000639  0.065792
  0.052407 -0.000653  0.066350
  0.052839 -0.000667  0.066907
  0.053270 -0.000681  0.067465
  0.053702 -0.000695  0.068022
  0.054133 -0.000710  0.068580
  0.054564 -0.000724  0.069138
  0.054995 -0.000739  0.069695
  0.055426 -0.000754  0.070253
  0.055857 -0.000769  0.070810
  0.056287 -0.000784  0.071368
  0.056718 -0.000799  0.071925
  0.057148 -0.000815  0.072483
  0.057578 -0.000830  0.073041
  0.058008 -0.000846  0.073598
  0.058438 -0.000862  0.074156
  0.058868 -0.000878  0.074713
  0.059297 -0.000894  0.075271
  0.059727 -0.000910  0.075828
  0.060156 -0.000927  0.076386
  0.060585 -0.000943  0.076943
  0.061014 -0.000960  0.077501
  0.061443 -0.000977  0.078059
  0.061872 -0.000993  0.078616
  0.062301 -0.001011  0.079174
  0.062730 -0.001028  0.079731
  0.063158 -0.001045  0.080289
  0.063586 -0.001063  0.080846
  0.064015 -0.001080  0.081404
  0.064443 -0.001098  0.081962
  0.064871 -0.001116  0.082519
  0.065299 -0.001134  0.083077
  0.065727 -0.001152  0.083634
  0.066154 -0.001170  0.084192
  0.066582 -0.001189  0.084749
  0.067009 -0.001207  0.085307
  0.067436 -0.001226  0.085864
  0.067864 -0.001244  0.086422
  0.068291 -0.001263  0.086980
  0.068718 -0.001282  0.087537
  0.069145 -0.001301  0.088095
  0.069571 -0.001321  0.088652
  0.069998 -0.001340  0.089210
  0.070425 -0.001359  0.089767
  0.070851 -0.001379  0.090325
  0.071278 -0.001399  0.090883
  0.071704 -0.001418  0.091440
  0.072130 -0.001438  0.091998
  0.072556 -0.001458  0.092555
  0.072982 -0.001479  0.093113
  0.073408 -0.001499  0.093670
  0.073834 -0.001519  0.094228
  0.074260 -0.001540  0.094785
  0.074686 -0.001560  0.095343
  0.075111 -0.001581  0.095901
  0.075537 -0.001601  0.096458
  0.075962 -0.001622  0.097016
  0.076388 -0.001643  0.097573
  0.076813 -0.001664  0.098131
  0.077238 -0.001685  0.098688
  0.077663 -0.001707  0.099246
  0.078089 -0.001728  0.099803
  0.078514 -0.001750  0.100361
  0.078938 -0.001771  0.100919
  0.079363 -0.001793  0.101476
  0.079788 -0.001814  0.102034
  0.080213 -0.001836  0.102591
  0.080638 -0.001858  0.103149
  0.081063 -0.001880  0.103706
  0.081487 -0.001902  0.104264
  0.081912 -0.001924  0.104822
  0.082336 -0.001946  0.105379
  0.082761 -0.001968  0.105937
  0.083185 -0.001991  0.106494
  0.083610 -0.002013  0.107052
  0.084034 -0.002035  0.107609
  0.084458 -0.002058  0.108167
  0.084883 -0.002081  0.108724
  0.085307 -0.002103  0.109282
  0.085731 -0.002126  0.109840
  0.086155 -0.002149  0.110397
  0.086579 -0.002172  0.110955
  0.087003 -0.002195  0.111512
  0.087427 -0.002218  0.112070
  0.087852 -0.002241  0.112627
  0.088276 -0.002264  0.113185
  0.088700 -0.002287  0.113743
  0.089124 -0.002310  0.114300
  0.089548 -0.002333  0.114858
  0.089972 -0.002356  0.115415
  0.090395 -0.002380  0.115973
  0.090819 -0.002403  0.116530
  0.091243 -0.002427  0.117088
  0.091667 -0.002450  0.117645
  0.092091 -0.002474  0.118203
  0.092515 -0.002497  0.118761
  0.092939 -0.002521  0.119318
  0.093363 -0.002544  0.119876
  0.093787 -0.002568  0.120433
  0.094211 -0.002592  0.120991
  0.094635 -0.002616  0.121548
  0.095058 -0.002639  0.122106
  0.095482 -0.002663  0.122664
  0.095906 -0.002687  0.123221
  0.096330 -0.002711  0.123779
  0.096754 -0.002735  0.124336
  0.097178 -0.002759  0.124894
  0.097602 -0.002783  0.125451
  0.098026 -0.002807  0.126009
  0.098450 -0.002831  0.126566
  0.098874 -0.002855  0.127124
  0.099298 -0.002879  0.127682
  0.099722 -0.002903  0.128239
  0.100146 -0.002927  0.128797
  0.100570 -0.002951  0.129354
  0.100994 -0.002975  0.129912
  0.101419 -0.002999  0.130469
  0.101843 -0.003023  0.131027
  0.102267 -0.003048  0.131585
  0.102691 -0.003072  0.132142
  0.103116 -0.003096  0.132700
  0.103540 -0.003120  0.133257
  0.103964 -0.003144  0.133815
  0.104389 -0.003169  0.134372
  0.104813 -0.003193  0.134930
  0.105237 -0.003217  0.135487
  0.105662 -0.003241  0.136045
  0.106086 -0.003265  0.136603
  0.106511 -0.003290  0.137160
  0.106936 -0.003314  0.137718
  0.107360 -0.003338  0.138275
  0.107785 -0.003363  0.138833
  0.108209 -0.003387  0.139390
  0.108634 -0.003411  0.139948
  0.109059 -0.003436  0.140505
  0.109483 -0.003460  0.141063
  0.109908 -0.003484  0.141621
  0.110333 -0.003509  0.142178
  0.110758 -0.003533  0.142736
  0.111183 -0.003557  0.143293
  0.111608 -0.003582  0.143851
  0.112033 -0.003606  0.144408
  0.112458 -0.003630  0.144966
  0.112883 -0.003655  0.145524
  0.113308 -0.003679  0.146081
  0.113733 -0.003704  0.146639
  0.114158 -0.003728  0.147196
  0.114583 -0.003752  0.147754
  0.115008 -0.003777  0.148311
  0.115434 -0.003801  0.148869
  0.115859 -0.003826  0.149426
  0.116284 -0.003850  0.149984
  0.116709 -0.003875  0.150542
  0.117135 -0.003899  0.151099
  0.117560 -0.003924  0.151657
  0.117985 -0.003948  0.152214
  0.118411 -0.003973  0.152772
  0.118836 -0.003998  0.153329
  0.119262 -0.004022  0.153887
  0.119687 -0.004047  0.154445
  0.120112 -0.004072  0.155002
  0.120538 -0.004096  0.155560
  0.120963 -0.004121  0.156117
  0.121389 -0.004146  0.156675
  0.121814 -0.004170  0.157232
  0.122240 -0.004195  0.157790
  0.122665 -0.004220  0.158347
  0.123091 -0.004245  0.158905
  0.123516 -0.004270  0.159463
  0.123941 -0.004295  0.160020
  0.124367 -0.004320  0.160578
  0.124792 -0.004345  0.161135
  0.125218 -0.004370  0.161693
  0.125643 -0.004395  0.162250
  0.126069 -0.004420  0.162808
  0.126494 -0.004445  0.163366
  0.126920 -0.004470  0.163923
  0.127345 -0.004496  0.164481
  0.127770 -0.004521  0.165038
  0.128196 -0.004546  0.165596
  0.128621 -0.004571  0.166153
  0.129046 -0.004597  0.166711
  0.129472 -0.004622  0.167268
  0.129897 -0.004648  0.167826
  0.130322 -0.004673  0.168384
  0.130748 -0.004699  0.168941
  0.131173 -0.004725  0.169499
  0.131598 -0.004750  0.170056
  0.132023 -0.004776  0.170614
  0.132448 -0.004802  0.171171
  0.132874 -0.004828  0.171729
  0.133299 -0.004854  0.172286
  0.133723 -0.004880  0.172844
  0.134148 -0.004906  0.173402
  0.134573 -0.004932  0.173959
  0.134998 -0.004959  0.174517
  0.135423 -0.004985  0.175074
  0.135848 -0.005012  0.175632
  0.136272 -0.005038  0.176189
  0.136697 -0.005065  0.176747
  0.137122 -0.005091  0.177305
  0.137546 -0.005118  0.177862
  0.137970 -0.005145  0.178420
  0.138395 -0.005172  0.178977
  0.138819 -0.005199  0.179535
  0.139243 -0.005226  0.180092
  0.139667 -0.005253  0.180650
  0.140091 -0.005280  0.181207
  0.140515 -0.005308  0.181765
  0.140939 -0.005335  0.182323
  0.141363 -0.005363  0.182880
  0.141787 -0.005390  0.183438
  0.142210 -0.005418  0.183995
  0.142634 -0.005446  0.184553
  0.143058 -0.005474  0.185110
  0.143481 -0.005502  0.185668
  0.143904 -0.005530  0.186226
  0.144327 -0.005558  0.186783
  0.144750 -0.005587  0.187341
  0.145173 -0.005615  0.187898
  0.145596 -0.005644  0.188456
  0.146019 -0.005673  0.189013
  0.146441 -0.005702  0.189571
  0.146864 -0.005731  0.190128
  0.147286 -0.005760  0.190686
  0.147709 -0.005789  0.191244
  0.148131 -0.005818  0.191801
  0.148553 -0.005848  0.192359
  0.148975 -0.005877  0.192916
  0.149396 -0.005907  0.193474
  0.149818 -0.005937  0.194031
  0.150239 -0.005967  0.194589
  0.150661 -0.005997  0.195147
  0.151082 -0.006027  0.195704
  0.151503 -0.006058  0.196262
  0.151924 -0.006088  0.196819
  0.152345 -0.006119  0.197377
  0.152766 -0.006149  0.197934
  0.153186 -0.006180  0.198492
  0.153606 -0.006211  0.199049
  0.154027 -0.006243  0.199607
  0.154447 -0.006274  0.200165
  0.154867 -0.006305  0.200722
  0.155287 -0.006337  0.201280
  0.155706 -0.006369  0.201837
  0.156126 -0.006401  0.202395
  0.156545 -0.006433  0.202952
  0.156964 -0.006465  0.203510
  0.157383 -0.006497  0.204067
  0.157802 -0.006530  0.204625
  0.158221 -0.006562  0.205183
  0.158639 -0.006595  0.205740
  0.159058 -0.006628  0.206298
  0.159476 -0.006661  0.206855
  0.159894 -0.006695  0.207413
  0.160312 -0.006728  0.207970
  0.160729 -0.006762  0.208528
  0.161147 -0.006795  0.209086
  0.161564 -0.006829  0.209643
  0.161981 -0.006863  0.210201
  0.162398 -0.006898  0.210758
  0.162815 -0.006932  0.211316
  0.163231 -0.006967  0.211873
  0.163648 -0.007002  0.212431
  0.164064 -0.007037  0.212988
  0.164480 -0.007072  0.213546
  0.164896 -0.007107  0.214104
  0.165311 -0.007142  0.214661
  0.165727 -0.007178  0.215219
  0.166142 -0.007214  0.215776
  0.166557 -0.007250  0.216334
  0.166972 -0.007286  0.216891
  0.167386 -0.007323  0.217449
  0.167801 -0.007359  0.218007
  0.168215 -0.007396  0.218564
  0.168629 -0.007433  0.219122
  0.169043 -0.007470  0.219679
  0.169456 -0.007507  0.220237
  0.169870 -0.007545  0.220794
  0.170283 -0.007582  0.221352
  0.170696 -0.007620  0.221909
  0.171108 -0.007658  0.222467
  0.171521 -0.007697  0.223025
  0.171933 -0.007735  0.223582
  0.172345 -0.007774  0.224140
  0.172757 -0.007813  0.224697
  0.173168 -0.007852  0.225255
  0.173580 -0.007891  0.225812
  0.173991 -0.007930  0.226370
  0.174402 -0.007970  0.226928
  0.174812 -0.008010  0.227485
  0.175223 -0.008050  0.228043
  0.175633 -0.008090  0.228600
  0.176043 -0.008131  0.229158
  0.176453 -0.008172  0.229715
  0.176862 -0.008213  0.230273
  0.177271 -0.008254  0.230830
  0.177680 -0.008295  0.231388
  0.178089 -0.008337  0.231946
  0.178497 -0.008379  0.232503
  0.178905 -0.008420  0.233061
  0.179313 -0.008463  0.233618
  0.179721 -0.008505  0.234176
  0.180128 -0.008548  0.234733
  0.180536 -0.008591  0.235291
  0.180942 -0.008634  0.235849
  0.181349 -0.008677  0.236406
  0.181755 -0.008721  0.236964
  0.182162 -0.008764  0.237521
  0.182567 -0.008808  0.238079
  0.182973 -0.008853  0.238636
  0.183378 -0.008897  0.239194
  0.183783 -0.008942  0.239751
  0.184188 -0.008987  0.240309
  0.184593 -0.009032  0.240867
  0.184997 -0.009077  0.241424
  0.185401 -0.009123  0.241982
  0.185804 -0.009169  0.242539
  0.186208 -0.009215  0.243097
  0.186611 -0.009261  0.243654
  0.187014 -0.009308  0.244212
  0.187416 -0.009355  0.244769
  0.187819 -0.009402  0.245327
  0.188221 -0.009449  0.245885
  0.188622 -0.009497  0.246442
  0.189024 -0.009545  0.247000
  0.189425 -0.009593  0.247557
  0.189826 -0.009641  0.248115
  0.190226 -0.009689  0.248672
  0.190627 -0.009738  0.249230
  0.191026 -0.009787  0.249788
  0.191426 -0.009837  0.250345
  0.191825 -0.009886  0.250903
  0.192225 -0.009936  0.251460
  0.192623 -0.009986  0.252018
  0.193022 -0.010036  0.252575
  0.193420 -0.010087  0.253133
  0.193818 -0.010137  0.253690
  0.194216 -0.010188  0.254248
  0.194613 -0.010240  0.254806
  0.195010 -0.010291  0.255363
  0.195407 -0.010343  0.255921
  0.195803 -0.010395  0.256478
  0.196199 -0.010447  0.257036
  0.196595 -0.010499  0.257593
  0.196990 -0.010552  0.258151
  0.197386 -0.010605  0.258709
  0.197780 -0.010658  0.259266
  0.198175 -0.010712  0.259824
  0.198570 -0.010765  0.260381
  0.198964 -0.010819  0.260939
  0.199357 -0.010874  0.261496
  0.199751 -0.010928  0.262054
  0.200144 -0.010983  0.262611
  0.200537 -0.011038  0.263169
  0.200929 -0.011093  0.263727
  0.201321 -0.011148  0.264284
  0.201713 -0.011204  0.264842
  0.202105 -0.011260  0.265399
  0.202496 -0.011316  0.265957
  0.202887 -0.011372  0.266514
  0.203278 -0.011429  0.267072
  0.203669 -0.011485  0.267630
  0.204059 -0.011542  0.268187
  0.204449 -0.011600  0.268745
  0.204838 -0.011657  0.269302
  0.205228 -0.011715  0.269860
  0.205617 -0.011773  0.270417
  0.206005 -0.011832  0.270975
  0.206394 -0.011890  0.271532
  0.206782 -0.011949  0.272090
  0.207170 -0.012008  0.272648
  0.207558 -0.012067  0.273205
  0.207945 -0.012126  0.273763
  0.208332 -0.012186  0.274320
  0.208719 -0.012246  0.274878
  0.209106 -0.012306  0.275435
  0.209492 -0.012366  0.275993
  0.209878 -0.012426  0.276550
  0.210264 -0.012487  0.277108
  0.210649 -0.012548  0.277666
  0.211035 -0.012609  0.278223
  0.211419 -0.012670  0.278781
  0.211804 -0.012732  0.279338
  0.212189 -0.012794  0.279896
  0.212573 -0.012856  0.280453
  0.212957 -0.012918  0.281011
  0.213341 -0.012980  0.281569
  0.213724 -0.013043  0.282126
  0.214107 -0.013105  0.282684
  0.214490 -0.013168  0.283241
  0.214873 -0.013231  0.283799
  0.215256 -0.013294  0.284356
  0.215638 -0.013358  0.284914
  0.216020 -0.013421  0.285471
  0.216402 -0.013485  0.286029
  0.216783 -0.013549  0.286587
  0.217165 -0.013613  0.287144
  0.217546 -0.013678  0.287702
  0.217927 -0.013742  0.288259
  0.218308 -0.013807  0.288817
  0.218688 -0.013872  0.289374
  0.219069 -0.013937  0.289932
  0.219449 -0.014002  0.290490
  0.219829 -0.014067  0.291047
  0.220208 -0.014133  0.291605
  0.220588 -0.014198  0.292162
  0.220967 -0.014264  0.292720
  0.221346 -0.014330  0.293277
  0.221725 -0.014396  0.293835
  0.222104 -0.014462  0.294392
  0.222483 -0.014529  0.294950
  0.222861 -0.014595  0.295508
  0.223240 -0.014662  0.296065
  0.223618 -0.014728  0.296623
  0.223996 -0.014795  0.297180
  0.224373 -0.014862  0.297738
  0.224751 -0.014929  0.298295
  0.225128 -0.014997  0.298853
  0.225505 -0.015064  0.299410
  0.225883 -0.015132  0.299968
  0.226259 -0.015199  0.300526
  0.226636 -0.015267  0.301083
  0.227013 -0.015335  0.301641
  0.227389 -0.015403  0.302198
  0.227766 -0.015471  0.302756
  0.228142 -0.015539  0.303313
  0.228518 -0.015608  0.303871
  0.228894 -0.015676  0.304429
  0.229270 -0.015745  0.304986
  0.229645 -0.015813  0.305544
  0.230021 -0.015882  0.306101
  0.230396 -0.015951  0.306659
  0.230771 -0.016020  0.307216
  0.231146 -0.016089  0.307774
  0.231521 -0.016158  0.308331
  0.231896 -0.016227  0.308889
  0.232271 -0.016296  0.309447
  0.232646 -0.016366  0.310004
  0.233020 -0.016435  0.310562
  0.233395 -0.016505  0.311119
  0.233769 -0.016574  0.311677
  0.234143 -0.016644  0.312234
  0.234518 -0.016714  0.312792
  0.234892 -0.016783  0.313350
  0.235266 -0.016853  0.313907
  0.235639 -0.016923  0.314465
  0.236013 -0.016994  0.315022
  0.236387 -0.017064  0.315580
  0.236760 -0.017134  0.316137
  0.237134 -0.017204  0.316695
  0.237507 -0.017275  0.317252
  0.237880 -0.017345  0.317810
  0.238254 -0.017416  0.318368
  0.238627 -0.017486  0.318925
  0.239000 -0.017557  0.319483
  0.239373 -0.017627  0.320040
  0.239746 -0.017698  0.320598
  0.240119 -0.017769  0.321155
  0.240491 -0.017840  0.321713
  0.240864 -0.017911  0.322271
  0.241236 -0.017982  0.322828
  0.241609 -0.018053  0.323386
  0.241981 -0.018124  0.323943
  0.242354 -0.018195  0.324501
  0.242726 -0.018266  0.325058
  0.243098 -0.018338  0.325616
  0.243470 -0.018409  0.326173
  0.243842 -0.018480  0.326731
  0.244215 -0.018552  0.327289
  0.244586 -0.018623  0.327846
  0.244958 -0.018695  0.328404
  0.245330 -0.018766  0.328961
  0.245702 -0.018838  0.329519
  0.246074 -0.018910  0.330076
  0.246445 -0.018981  0.330634
  0.246817 -0.019053  0.331192
  0.247189 -0.019125  0.331749
  0.247560 -0.019197  0.332307
  0.247931 -0.019269  0.332864
  0.248303 -0.019341  0.333422
  0.248674 -0.019413  0.333979
  0.249046 -0.019485  0.334537
  0.249417 -0.019557  0.335094
  0.249788 -0.019629  0.335652
  0.250159 -0.019701  0.336210
  0.250530 -0.019774  0.336767
  0.250901 -0.019846  0.337325
  0.251272 -0.019918  0.337882
  0.251643 -0.019991  0.338440
  0.252014 -0.020063  0.338997
  0.252385 -0.020136  0.339555
  0.252756 -0.020208  0.340113
  0.253126 -0.020281  0.340670
  0.253497 -0.020354  0.341228
  0.253868 -0.020426  0.341785
  0.254238 -0.020499  0.342343
  0.254609 -0.020572  0.342900
  0.254979 -0.020645  0.343458
  0.255350 -0.020718  0.344015
  0.255720 -0.020791  0.344573
  0.256091 -0.020864  0.345131
  0.256461 -0.020937  0.345688
  0.256831 -0.021010  0.346246
  0.257202 -0.021083  0.346803
  0.257572 -0.021156  0.347361
  0.257942 -0.021229  0.347918
  0.258312 -0.021303  0.348476
  0.258682 -0.021376  0.349033
  0.259052 -0.021449  0.349591
  0.259422 -0.021523  0.350149
  0.259792 -0.021596  0.350706
  0.260162 -0.021670  0.351264
  0.260532 -0.021743  0.351821
  0.260902 -0.021817  0.352379
  0.261272 -0.021891  0.352936
  0.261642 -0.021965  0.353494
  0.262012 -0.022038  0.354052
  0.262381 -0.022112  0.354609
  0.262751 -0.022186  0.355167
  0.263121 -0.022260  0.355724
  0.263490 -0.022334  0.356282
  0.263860 -0.022408  0.356839
  0.264229 -0.022482  0.357397
  0.264599 -0.022557  0.357954
  0.264968 -0.022631  0.358512
  0.265338 -0.022705  0.359070
  0.265707 -0.022780  0.359627
  0.266077 -0.022854  0.360185
  0.266446 -0.022928  0.360742
  0.266816 -0.023003  0.361300
  0.267185 -0.023077  0.361857
  0.267554 -0.023152  0.362415
  0.267924 -0.023227  0.362972
  0.268293 -0.023301  0.363530
  0.268662 -0.023376  0.364088
  0.269031 -0.023451  0.364645
  0.269400 -0.023526  0.365203
  0.269769 -0.023601  0.365760
  0.270139 -0.023676  0.366318
  0.270508 -0.023751  0.366875
  0.270877 -0.023826  0.367433
  0.271246 -0.023901  0.367991
  0.271615 -0.023977  0.368548
  0.271984 -0.024052  0.369106
  0.272353 -0.024127  0.369663
  0.272722 -0.024203  0.370221
  0.273091 -0.024278  0.370778
  0.273460 -0.024354  0.371336
  0.273829 -0.024429  0.371893
  0.274198 -0.024505  0.372451
  0.274566 -0.024581  0.373009
  0.274935 -0.024657  0.373566
  0.275304 -0.024732  0.374124
  0.275673 -0.024808  0.374681
  0.276042 -0.024884  0.375239
  0.276410 -0.024960  0.375796
  0.276779 -0.025037  0.376354
  0.277148 -0.025113  0.376912
  0.277516 -0.025189  0.377469
  0.277885 -0.025265  0.378027
  0.278254 -0.025342  0.378584
  0.278622 -0.025418  0.379142
  0.278991 -0.025495  0.379699
  0.279360 -0.025571  0.380257
  0.279728 -0.025648  0.380814
  0.280097 -0.025725  0.381372
  0.280465 -0.025802  0.381930
  0.280834 -0.025879  0.382487
  0.281203 -0.025956  0.383045
  0.281571 -0.026033  0.383602
  0.281940 -0.026110  0.384160
  0.282308 -0.026187  0.384717
  0.282677 -0.026265  0.385275
  0.283045 -0.026342  0.385833
  0.283413 -0.026419  0.386390
  0.283782 -0.026497  0.386948
  0.284150 -0.026575  0.387505
  0.284518 -0.026652  0.388063
  0.284887 -0.026730  0.388620
  0.285255 -0.026808  0.389178
  0.285623 -0.026886  0.389735
  0.285991 -0.026964  0.390293
  0.286360 -0.027042  0.390851
  0.286728 -0.027120  0.391408
  0.287096 -0.027199  0.391966
  0.287464 -0.027277  0.392523
  0.287832 -0.027356  0.393081
  0.288200 -0.027434  0.393638
  0.288568 -0.027513  0.394196
  0.288937 -0.027592  0.394754
  0.289305 -0.027671  0.395311
  0.289672 -0.027750  0.395869
  0.290040 -0.027829  0.396426
  0.290408 -0.027908  0.396984
  0.290776 -0.027988  0.397541
  0.291144 -0.028067  0.398099
  0.291512 -0.028147  0.398656
  0.291879 -0.028226  0.399214
  0.292247 -0.028306  0.399772
  0.292615 -0.028386  0.400329
  0.292982 -0.028466  0.400887
  0.293350 -0.028546  0.401444
  0.293717 -0.028626  0.402002
  0.294085 -0.028707  0.402559
  0.294452 -0.028787  0.403117
  0.294819 -0.028868  0.403675
  0.295187 -0.028949  0.404232
  0.295554 -0.029030  0.404790
  0.295921 -0.029111  0.405347
  0.296288 -0.029192  0.405905
  0.296655 -0.029273  0.406462
  0.297022 -0.029354  0.407020
  0.297389 -0.029436  0.407577
  0.297756 -0.029518  0.408135
  0.298123 -0.029599  0.408693
  0.298489 -0.029682  0.409250
  0.298856 -0.029764  0.409808
  0.299222 -0.029846  0.410365
  0.299589 -0.029928  0.410923
  0.299955 -0.030011  0.411480
  0.300322 -0.030094  0.412038
  0.300688 -0.030177  0.412595
  0.301054 -0.030260  0.413153
  0.301420 -0.030343  0.413711
  0.301786 -0.030426  0.414268
  0.302152 -0.030510  0.414826
  0.302518 -0.030593  0.415383
  0.302883 -0.030677  0.415941
  0.303249 -0.030761  0.416498
  0.303614 -0.030846  0.417056
  0.303980 -0.030930  0.417614
  0.304345 -0.031014  0.418171
  0.304710 -0.031099  0.418729
  0.305075 -0.031184  0.419286
  0.305440 -0.031269  0.419844
  0.305805 -0.031355  0.420401
  0.306169 -0.031440  0.420959
  0.306534 -0.031526  0.421516
  0.306898 -0.031612  0.422074
  0.307263 -0.031698  0.422632
  0.307627 -0.031784  0.423189
  0.307991 -0.031870  0.423747
  0.308355 -0.031957  0.424304
  0.308718 -0.032044  0.424862
  0.309082 -0.032131  0.425419
  0.309446 -0.032218  0.425977
  0.309809 -0.032305  0.426535
  0.310172 -0.032393  0.427092
  0.310535 -0.032481  0.427650
  0.310898 -0.032569  0.428207
  0.311261 -0.032657  0.428765
  0.311624 -0.032746  0.429322
  0.311986 -0.032835  0.429880
  0.312348 -0.032923  0.430437
  0.312711 -0.033013  0.430995
  0.313073 -0.033102  0.431553
  0.313434 -0.033192  0.432110
  0.313796 -0.033281  0.432668
  0.314158 -0.033371  0.433225
  0.314519 -0.033461  0.433783
  0.314880 -0.033552  0.434340
  0.315241 -0.033643  0.434898
  0.315602 -0.033733  0.435456
  0.315963 -0.033825  0.436013
  0.316323 -0.033916  0.436571
  0.316684 -0.034007  0.437128
  0.317044 -0.034099  0.437686
  0.317404 -0.034191  0.438243
  0.317764 -0.034284  0.438801
  0.318123 -0.034376  0.439358
  0.318483 -0.034469  0.439916
  0.318842 -0.034562  0.440474
  0.319201 -0.034655  0.441031
  0.319560 -0.034749  0.441589
  0.319919 -0.034842  0.442146
  0.320277 -0.034936  0.442704
  0.320635 -0.035030  0.443261
  0.320993 -0.035125  0.443819
  0.321351 -0.035219  0.444376
  0.321709 -0.035314  0.444934
  0.322067 -0.035409  0.445492
  0.322424 -0.035505  0.446049
  0.322781 -0.035600  0.446607
  0.323138 -0.035696  0.447164
  0.323495 -0.035792  0.447722
  0.323852 -0.035889  0.448279
  0.324208 -0.035985  0.448837
  0.324564 -0.036082  0.449395
  0.324920 -0.036179  0.449952
  0.325276 -0.036276  0.450510
  0.325632 -0.036374  0.451067
  0.325987 -0.036472  0.451625
  0.326343 -0.036570  0.452182
  0.326698 -0.036668  0.452740
  0.327052 -0.036766  0.453297
  0.327407 -0.036865  0.453855
  0.327762 -0.036964  0.454413
  0.328116 -0.037063  0.454970
  0.328470 -0.037163  0.455528
  0.328824 -0.037262  0.456085
  0.329177 -0.037362  0.456643
  0.329531 -0.037462  0.457200
  0.329884 -0.037563  0.457758
  0.330237 -0.037663  0.458316
  0.330590 -0.037764  0.458873
  0.330942 -0.037865  0.459431
  0.331295 -0.037966  0.459988
  0.331647 -0.038068  0.460546
  0.331999 -0.038170  0.461103
  0.332351 -0.038272  0.461661
  0.332703 -0.038374  0.462218
  0.333054 -0.038476  0.462776
  0.333405 -0.038579  0.463334
  0.333756 -0.038682  0.463891
  0.334107 -0.038785  0.464449
  0.334458 -0.038888  0.465006
  0.334808 -0.038992  0.465564
  0.335159 -0.039096  0.466121
  0.335509 -0.039199  0.466679
  0.335859 -0.039304  0.467237
  0.336208 -0.039408  0.467794
  0.336558 -0.039513  0.468352
  0.336907 -0.039618  0.468909
  0.337256 -0.039723  0.469467
  0.337605 -0.039828  0.470024
  0.337954 -0.039934  0.470582
  0.338302 -0.040039  0.471139
  0.338651 -0.040145  0.471697
  0.338999 -0.040251  0.472255
  0.339347 -0.040358  0.472812
  0.339695 -0.040464  0.473370
  0.340042 -0.040571  0.473927
  0.340390 -0.040678  0.474485
  0.340737 -0.040785  0.475042
  0.341084 -0.040893  0.475600
  0.341431 -0.041000  0.476157
  0.341777 -0.041108  0.476715
  0.342124 -0.041216  0.477273
  0.342470 -0.041325  0.477830
  0.342816 -0.041433  0.478388
  0.343162 -0.041542  0.478945
  0.343508 -0.041650  0.479503
  0.343853 -0.041759  0.480060
  0.344199 -0.041868  0.480618
  0.344544 -0.041978  0.481176
  0.344889 -0.042087  0.481733
  0.345234 -0.042197  0.482291
  0.345578 -0.042307  0.482848
  0.345923 -0.042417  0.483406
  0.346267 -0.042527  0.483963
  0.346611 -0.042638  0.484521
  0.346955 -0.042749  0.485078
  0.347299 -0.042859  0.485636
  0.347642 -0.042971  0.486194
  0.347986 -0.043082  0.486751
  0.348329 -0.043193  0.487309
  0.348672 -0.043305  0.487866
  0.349015 -0.043417  0.488424
  0.349357 -0.043528  0.488981
  0.349700 -0.043640  0.489539
  0.350042 -0.043753  0.490097
  0.350384 -0.043865  0.490654
  0.350726 -0.043978  0.491212
  0.351068 -0.044091  0.491769
  0.351409 -0.044204  0.492327
  0.351751 -0.044317  0.492884
  0.352092 -0.044430  0.493442
  0.352433 -0.044544  0.493999
  0.352774 -0.044657  0.494557
  0.353115 -0.044771  0.495115
  0.353455 -0.044885  0.495672
  0.353796 -0.044999  0.496230
  0.354136 -0.045113  0.496787
  0.354476 -0.045228  0.497345
  0.354815 -0.045342  0.497902
  0.355155 -0.045457  0.498460
  0.355494 -0.045572  0.499018
  0.355834 -0.045687  0.499575
  0.356173 -0.045802  0.500133
  0.356512 -0.045918  0.500690
  0.356851 -0.046033  0.501248
  0.357189 -0.046149  0.501805
  0.357527 -0.046265  0.502363
  0.357866 -0.046381  0.502920
  0.358204 -0.046497  0.503478
  0.358541 -0.046613  0.504036
  0.358879 -0.046729  0.504593
  0.359217 -0.046846  0.505151
  0.359554 -0.046962  0.505708
  0.359891 -0.047079  0.506266
  0.360228 -0.047196  0.506823
  0.360565 -0.047313  0.507381
  0.360902 -0.047431  0.507939
  0.361238 -0.047548  0.508496
  0.361575 -0.047665  0.509054
  0.361911 -0.047783  0.509611
  0.362247 -0.047901  0.510169
  0.362582 -0.048019  0.510726
  0.362918 -0.048137  0.511284
  0.363253 -0.048255  0.511841
  0.363589 -0.048373  0.512399
  0.363924 -0.048491  0.512957
  0.364259 -0.048610  0.513514
  0.364593 -0.048729  0.514072
  0.364928 -0.048847  0.514629
  0.365262 -0.048966  0.515187
  0.365597 -0.049085  0.515744
  0.365931 -0.049204  0.516302
  0.366264 -0.049324  0.516859
  0.366598 -0.049443  0.517417
  0.366932 -0.049562  0.517975
  0.367265 -0.049682  0.518532
  0.367598 -0.049802  0.519090
  0.367931 -0.049922  0.519647
  0.368264 -0.050041  0.520205
  0.368597 -0.050161  0.520762
  0.368930 -0.050282  0.521320
  0.369262 -0.050402  0.521878
  0.369594 -0.050522  0.522435
  0.369926 -0.050643  0.522993
  0.370258 -0.050763  0.523550
  0.370590 -0.050884  0.524108
  0.370922 -0.051004  0.524665
  0.371253 -0.051125  0.525223
  0.371585 -0.051246  0.525780
  0.371916 -0.051367  0.526338
  0.372247 -0.051488  0.526896
  0.372578 -0.051609  0.527453
  0.372908 -0.051731  0.528011
  0.373239 -0.051852  0.528568
  0.373569 -0.051974  0.529126
  0.373899 -0.052095  0.529683
  0.374230 -0.052217  0.530241
  0.374560 -0.052338  0.530798
  0.374889 -0.052460  0.531356
  0.375219 -0.052582  0.531914
  0.375549 -0.052704  0.532471
  0.375878 -0.052826  0.533029
  0.376207 -0.052948  0.533586
  0.376536 -0.053070  0.534144
  0.376865 -0.053193  0.534701
  0.377194 -0.053315  0.535259
  0.377523 -0.053437  0.535817
  0.377851 -0.053560  0.536374
  0.378180 -0.053682  0.536932
  0.378508 -0.053805  0.537489
  0.378836 -0.053927  0.538047
  0.379164 -0.054050  0.538604
  0.379492 -0.054173  0.539162
  0.379820 -0.054296  0.539720
  0.380147 -0.054419  0.540277
  0.380475 -0.054542  0.540835
  0.380802 -0.054665  0.541392
  0.381130 -0.054788  0.541950
  0.381457 -0.054911  0.542507
  0.381784 -0.055034  0.543065
  0.382111 -0.055157  0.543622
  0.382438 -0.055281  0.544180
  0.382764 -0.055404  0.544738
  0.383091 -0.055527  0.545295
  0.383417 -0.055651  0.545853
  0.383744 -0.055774  0.546410
  0.384070 -0.055897  0.546968
  0.384396 -0.056021  0.547525
  0.384722 -0.056145  0.548083
  0.385048 -0.056268  0.548640
  0.385374 -0.056392  0.549198
  0.385700 -0.056516  0.549756
  0.386025 -0.056639  0.550313
  0.386351 -0.056763  0.550871
  0.386676 -0.056887  0.551428
  0.387002 -0.057011  0.551986
  0.387327 -0.057135  0.552543
  0.387652 -0.057258  0.553101
  0.387977 -0.057382  0.553659
  0.388302 -0.057506  0.554216
  0.388627 -0.057630  0.554774
  0.388951 -0.057754  0.555331
  0.389276 -0.057878  0.555889
  0.389601 -0.058002  0.556446
  0.389925 -0.058127  0.557004
  0.390249 -0.058251  0.557561
  0.390574 -0.058375  0.558119
  0.390898 -0.058499  0.558677
  0.391222 -0.058623  0.559234
  0.391546 -0.058748  0.559792
  0.391870 -0.058872  0.560349
  0.392194 -0.058996  0.560907
  0.392518 -0.059120  0.561464
  0.392842 -0.059245  0.562022
  0.393165 -0.059369  0.562580
  0.393489 -0.059493  0.563137
  0.393813 -0.059618  0.563695
  0.394136 -0.059742  0.564252
  0.394459 -0.059867  0.564810
  0.394783 -0.059991  0.565367
  0.395106 -0.060116  0.565925
  0.395429 -0.060240  0.566482
  0.395752 -0.060365  0.567040
  0.396075 -0.060489  0.567598
  0.396398 -0.060614  0.568155
  0.396721 -0.060738  0.568713
  0.397043 -0.060863  0.569270
  0.397366 -0.060987  0.569828
  0.397689 -0.061112  0.570385
  0.398011 -0.061237  0.570943
  0.398334 -0.061361  0.571500
  0.398656 -0.061486  0.572058
  0.398978 -0.061611  0.572616
  0.399300 -0.061736  0.573173
  0.399622 -0.061860  0.573731
  0.399944 -0.061985  0.574288
  0.400266 -0.062110  0.574846
  0.400588 -0.062235  0.575403
  0.400910 -0.062360  0.575961
  0.401232 -0.062485  0.576519
  0.401554 -0.062610  0.577076
  0.401875 -0.062735  0.577634
  0.402197 -0.062860  0.578191
  0.402518 -0.062985  0.578749
  0.402840 -0.063110  0.579306
  0.403161 -0.063235  0.579864
  0.403482 -0.063360  0.580422
  0.403803 -0.063486  0.580979
  0.404124 -0.063611  0.581537
  0.404445 -0.063736  0.582094
  0.404766 -0.063861  0.582652
  0.405087 -0.063987  0.583209
  0.405408 -0.064112  0.583767
  0.405728 -0.064237  0.584324
  0.406049 -0.064363  0.584882
  0.406369 -0.064488  0.585440
  0.406689 -0.064614  0.585997
  0.407010 -0.064740  0.586555
  0.407330 -0.064865  0.587112
  0.407650 -0.064991  0.587670
  0.407970 -0.065117  0.588227
  0.408290 -0.065242  0.588785
  0.408610 -0.065368  0.589342
  0.408930 -0.065494  0.589900
  0.409250 -0.065620  0.590458
  0.409569 -0.065746  0.591015
  0.409889 -0.065872  0.591573
  0.410208 -0.065999  0.592130
  0.410527 -0.066125  0.592688
  0.410847 -0.066251  0.593245
  0.411166 -0.066377  0.593803
  0.411485 -0.066504  0.594361
  0.411804 -0.066630  0.594918
  0.412123 -0.066757  0.595476
  0.412441 -0.066883  0.596033
  0.412760 -0.067010  0.596591
  0.413078 -0.067137  0.597148
  0.413397 -0.067263  0.597706
  0.413715 -0.067390  0.598263
  0.414033 -0.067517  0.598821
  0.414351 -0.067644  0.599379
  0.414669 -0.067771  0.599936
  0.414987 -0.067899  0.600494
  0.415305 -0.068026  0.601051
  0.415623 -0.068153  0.601609
  0.415940 -0.068281  0.602166
  0.416258 -0.068408  0.602724
  0.416575 -0.068536  0.603281
  0.416892 -0.068663  0.603839
  0.417210 -0.068791  0.604397
  0.417526 -0.068919  0.604954
  0.417843 -0.069047  0.605512
  0.418160 -0.069175  0.606069
  0.418477 -0.069303  0.606627
  0.418793 -0.069431  0.607184
  0.419110 -0.069560  0.607742
  0.419426 -0.069688  0.608300
  0.419742 -0.069817  0.608857
  0.420058 -0.069945  0.609415
  0.420375 -0.070074  0.609972
  0.420690 -0.070203  0.610530
  0.421006 -0.070332  0.611087
  0.421322 -0.070461  0.611645
  0.421637 -0.070590  0.612202
  0.421952 -0.070719  0.612760
  0.422267 -0.070849  0.613318
  0.422583 -0.070978  0.613875
  0.422898 -0.071108  0.614433
  0.423213 -0.071237  0.614990
  0.423527 -0.071367  0.615548
  0.423842 -0.071497  0.616105
  0.424156 -0.071627  0.616663
  0.424471 -0.071757  0.617221
  0.424785 -0.071888  0.617778
  0.425099 -0.072018  0.618336
  0.425413 -0.072148  0.618893
  0.425727 -0.072279  0.619451
  0.426041 -0.072410  0.620008
  0.426355 -0.072541  0.620566
  0.426668 -0.072672  0.621123
  0.426982 -0.072803  0.621681
  0.427295 -0.072934  0.622239
  0.427608 -0.073066  0.622796
  0.427922 -0.073197  0.623354
  0.428235 -0.073329  0.623911
  0.428547 -0.073460  0.624469
  0.428860 -0.073592  0.625026
  0.429173 -0.073724  0.625584
  0.429485 -0.073857  0.626142
  0.429798 -0.073989  0.626699
  0.430110 -0.074121  0.627257
  0.430422 -0.074254  0.627814
  0.430734 -0.074387  0.628372
  0.431046 -0.074519  0.628929
  0.431357 -0.074652  0.629487
  0.431669 -0.074786  0.630044
  0.431980 -0.074919  0.630602
  0.432291 -0.075052  0.631160
  0.432603 -0.075186  0.631717
  0.432914 -0.075319  0.632275
  0.433224 -0.075453  0.632832
  0.433535 -0.075587  0.633390
  0.433846 -0.075721  0.633947
  0.434156 -0.075855  0.634505
  0.434467 -0.075990  0.635063
  0.434777 -0.076124  0.635620
  0.435087 -0.076259  0.636178
  0.435397 -0.076394  0.636735
  0.435707 -0.076529  0.637293
  0.436017 -0.076664  0.637850
  0.436327 -0.076799  0.638408
  0.436637 -0.076935  0.638965
  0.436946 -0.077070  0.639523
  0.437255 -0.077206  0.640081
  0.437564 -0.077342  0.640638
  0.437873 -0.077478  0.641196
  0.438182 -0.077614  0.641753
  0.438491 -0.077750  0.642311
  0.438800 -0.077887  0.642868
  0.439108 -0.078024  0.643426
  0.439417 -0.078160  0.643983
  0.439725 -0.078297  0.644541
  0.440033 -0.078434  0.645099
  0.440341 -0.078572  0.645656
  0.440649 -0.078709  0.646214
  0.440957 -0.078847  0.646771
  0.441265 -0.078984  0.647329
  0.441572 -0.079122  0.647886
  0.441880 -0.079260  0.648444
  0.442187 -0.079399  0.649002
  0.442495 -0.079537  0.649559
  0.442802 -0.079675  0.650117
  0.443108 -0.079814  0.650674
  0.443415 -0.079953  0.651232
  0.443722 -0.080092  0.651789
  0.444029 -0.080231  0.652347
  0.444335 -0.080370  0.652904
  0.444641 -0.080510  0.653462
  0.444947 -0.080650  0.654020
  0.445253 -0.080789  0.654577
  0.445559 -0.080929  0.655135
  0.445865 -0.081070  0.655692
  0.446171 -0.081210  0.656250
  0.446476 -0.081350  0.656807
  0.446782 -0.081491  0.657365
  0.447087 -0.081632  0.657923
  0.447392 -0.081773  0.658480
  0.447697 -0.081914  0.659038
  0.448002 -0.082055  0.659595
  0.448307 -0.082197  0.660153
  0.448611 -0.082338  0.660710
  0.448915 -0.082480  0.661268
  0.449220 -0.082622  0.661825
  0.449524 -0.082765  0.662383
  0.449828 -0.082907  0.662941
  0.450131 -0.083049  0.663498
  0.450435 -0.083192  0.664056
  0.450739 -0.083335  0.664613
  0.451042 -0.083478  0.665171
  0.451345 -0.083621  0.665728
  0.451648 -0.083764  0.666286
  0.451951 -0.083908  0.666844
  0.452254 -0.084052  0.667401
  0.452557 -0.084196  0.667959
  0.452859 -0.084340  0.668516
  0.453161 -0.084484  0.669074
  0.453464 -0.084629  0.669631
  0.453766 -0.084773  0.670189
  0.454068 -0.084918  0.670746
  0.454369 -0.085063  0.671304
  0.454671 -0.085208  0.671862
  0.454972 -0.085354  0.672419
  0.455274 -0.085499  0.672977
  0.455575 -0.085645  0.673534
  0.455876 -0.085791  0.674092
  0.456177 -0.085937  0.674649
  0.456477 -0.086083  0.675207
  0.456777 -0.086230  0.675765
  0.457078 -0.086376  0.676322
  0.457378 -0.086523  0.676880
  0.457678 -0.086670  0.677437
  0.457978 -0.086817  0.677995
  0.458277 -0.086964  0.678552
  0.458577 -0.087112  0.679110
  0.458876 -0.087260  0.679667
  0.459175 -0.087408  0.680225
  0.459474 -0.087556  0.680783
  0.459773 -0.087704  0.681340
  0.460071 -0.087853  0.681898
  0.460369 -0.088001  0.682455
  0.460668 -0.088150  0.683013
  0.460966 -0.088299  0.683570
  0.461263 -0.088448  0.684128
  0.461561 -0.088598  0.684685
  0.461858 -0.088747  0.685243
  0.462156 -0.088897  0.685801
  0.462453 -0.089047  0.686358
  0.462749 -0.089197  0.686916
  0.463046 -0.089348  0.687473
  0.463343 -0.089498  0.688031
  0.463639 -0.089649  0.688588
  0.463935 -0.089800  0.689146
  0.464231 -0.089951  0.689704
  0.464527 -0.090102  0.690261
  0.464822 -0.090254  0.690819
  0.465118 -0.090405  0.691376
  0.465413 -0.090557  0.691934
  0.465708 -0.090709  0.692491
  0.466003 -0.090861  0.693049
  0.466298 -0.091014  0.693606
  0.466592 -0.091166  0.694164
  0.466886 -0.091319  0.694722
  0.467180 -0.091472  0.695279
  0.467474 -0.091625  0.695837
  0.467768 -0.091779  0.696394
  0.468061 -0.091932  0.696952
  0.468354 -0.092086  0.697509
  0.468648 -0.092240  0.698067
  0.468940 -0.092394  0.698624
  0.469233 -0.092548  0.699182
  0.469526 -0.092702  0.699740
  0.469818 -0.092857  0.700297
  0.470110 -0.093012  0.700855
  0.470402 -0.093167  0.701412
  0.470693 -0.093322  0.701970
  0.470985 -0.093477  0.702527
  0.471276 -0.093632  0.703085
  0.471567 -0.093788  0.703643
  0.471858 -0.093944  0.704200
  0.472149 -0.094100  0.704758
  0.472439 -0.094256  0.705315
  0.472729 -0.094412  0.705873
  0.473019 -0.094569  0.706430
  0.473309 -0.094726  0.706988
  0.473599 -0.094882  0.707546
  0.473888 -0.095039  0.708103
  0.474178 -0.095197  0.708661
  0.474467 -0.095354  0.709218
  0.474756 -0.095511  0.709776
  0.475044 -0.095669  0.710333
  0.475333 -0.095827  0.710891
  0.475621 -0.095985  0.711448
  0.475909 -0.096143  0.712006
  0.476197 -0.096301  0.712564
  0.476485 -0.096460  0.713121
  0.476773 -0.096619  0.713679
  0.477060 -0.096777  0.714236
  0.477347 -0.096936  0.714794
  0.477634 -0.097095  0.715351
  0.477921 -0.097255  0.715909
  0.478208 -0.097414  0.716466
  0.478494 -0.097574  0.717024
  0.478780 -0.097733  0.717582
  0.479066 -0.097893  0.718139
  0.479352 -0.098053  0.718697
  0.479638 -0.098214  0.719254
  0.479923 -0.098374  0.719812
  0.480209 -0.098534  0.720369
  0.480494 -0.098695  0.720927
  0.480779 -0.098856  0.721485
  0.481064 -0.099017  0.722042
  0.481348 -0.099178  0.722600
  0.481633 -0.099339  0.723157
  0.481917 -0.099501  0.723715
  0.482201 -0.099662  0.724272
  0.482485 -0.099824  0.724830
  0.482768 -0.099986  0.725387
  0.483052 -0.100148  0.725945
  0.483335 -0.100310  0.726503
  0.483618 -0.100472  0.727060
  0.483901 -0.100634  0.727618
  0.484184 -0.100797  0.728175
  0.484467 -0.100959  0.728733
  0.484749 -0.101122  0.729290
  0.485031 -0.101285  0.729848
  0.485314 -0.101448  0.730406
  0.485595 -0.101611  0.730963
  0.485877 -0.101775  0.731521
  0.486159 -0.101938  0.732078
  0.486440 -0.102102  0.732636
  0.486721 -0.102265  0.733193
  0.487002 -0.102429  0.733751
  0.487283 -0.102593  0.734308
  0.487564 -0.102757  0.734866
  0.487844 -0.102921  0.735424
  0.488125 -0.103086  0.735981
  0.488405 -0.103250  0.736539
  0.488685 -0.103415  0.737096
  0.488965 -0.103579  0.737654
  0.489244 -0.103744  0.738211
  0.489524 -0.103909  0.738769
  0.489803 -0.104074  0.739326
  0.490082 -0.104239  0.739884
  0.490361 -0.104405  0.740442
  0.490640 -0.104570  0.740999
  0.490918 -0.104736  0.741557
  0.491197 -0.104901  0.742114
  0.491475 -0.105067  0.742672
  0.491753 -0.105233  0.743229
  0.492031 -0.105399  0.743787
  0.492309 -0.105565  0.744345
  0.492587 -0.105732  0.744902
  0.492864 -0.105898  0.745460
  0.493142 -0.106065  0.746017
  0.493419 -0.106231  0.746575
  0.493696 -0.106398  0.747132
  0.493973 -0.106565  0.747690
  0.494249 -0.106732  0.748248
  0.494526 -0.106899  0.748805
  0.494802 -0.107066  0.749363
  0.495078 -0.107234  0.749920
  0.495354 -0.107401  0.750478
  0.495629 -0.107569  0.751035
  0.495905 -0.107736  0.751593
  0.496180 -0.107904  0.752150
  0.496456 -0.108072  0.752708
  0.496731 -0.108240  0.753266
  0.497005 -0.108408  0.753823
  0.497280 -0.108576  0.754381
  0.497555 -0.108744  0.754938
  0.497829 -0.108913  0.755496
  0.498103 -0.109081  0.756053
  0.498377 -0.109250  0.756611
  0.498651 -0.109419  0.757168
  0.498925 -0.109588  0.757726
  0.499198 -0.109757  0.758284
  0.499472 -0.109926  0.758841
  0.499745 -0.110095  0.759399
  0.500018 -0.110265  0.759956
  0.500291 -0.110434  0.760514
  0.500564 -0.110604  0.761071
  0.500836 -0.110773  0.761629
  0.501108 -0.110943  0.762187
  0.501381 -0.111113  0.762744
  0.501653 -0.111283  0.763302
  0.501924 -0.111454  0.763859
  0.502196 -0.111624  0.764417
  0.502467 -0.111794  0.764974
  0.502738 -0.111965  0.765532
  0.503009 -0.112136  0.766089
  0.503280 -0.112306  0.766647
  0.503551 -0.112477  0.767205
  0.503821 -0.112648  0.767762
  0.504092 -0.112819  0.768320
  0.504362 -0.112990  0.768877
  0.504632 -0.113162  0.769435
  0.504902 -0.113333  0.769992
  0.505171 -0.113505  0.770550
  0.505440 -0.113676  0.771107
  0.505710 -0.113848  0.771665
  0.505979 -0.114020  0.772223
  0.506248 -0.114192  0.772780
  0.506516 -0.114364  0.773338
  0.506785 -0.114536  0.773895
  0.507053 -0.114709  0.774453
  0.507321 -0.114881  0.775010
  0.507589 -0.115054  0.775568
  0.507857 -0.115227  0.776126
  0.508124 -0.115400  0.776683
  0.508391 -0.115573  0.777241
  0.508659 -0.115746  0.777798
  0.508926 -0.115919  0.778356
  0.509193 -0.116092  0.778913
  0.509459 -0.116266  0.779471
  0.509726 -0.116439  0.780028
  0.509992 -0.116613  0.780586
  0.510258 -0.116787  0.781144
  0.510524 -0.116961  0.781701
  0.510790 -0.117135  0.782259
  0.511055 -0.117309  0.782816
  0.511321 -0.117484  0.783374
  0.511586 -0.117658  0.783931
  0.511851 -0.117833  0.784489
  0.512116 -0.118007  0.785047
  0.512381 -0.118182  0.785604
  0.512645 -0.118357  0.786162
  0.512909 -0.118532  0.786719
  0.513174 -0.118707  0.787277
  0.513438 -0.118883  0.787834
  0.513701 -0.119058  0.788392
  0.513965 -0.119234  0.788949
  0.514229 -0.119409  0.789507
  0.514492 -0.119585  0.790065
  0.514755 -0.119761  0.790622
  0.515018 -0.119937  0.791180
  0.515281 -0.120113  0.791737
  0.515543 -0.120289  0.792295
  0.515806 -0.120466  0.792852
  0.516068 -0.120642  0.793410
  0.516330 -0.120819  0.793968
  0.516592 -0.120996  0.794525
  0.516854 -0.121172  0.795083
  0.517115 -0.121349  0.795640
  0.517377 -0.121526  0.796198
  0.517638 -0.121704  0.796755
  0.517899 -0.121881  0.797313
  0.518160 -0.122058  0.797870
  0.518421 -0.122236  0.798428
  0.518682 -0.122413  0.798986
  0.518943 -0.122591  0.799543
  0.519203 -0.122769  0.800101
  0.519463 -0.122947  0.800658
  0.519723 -0.123125  0.801216
  0.519983 -0.123303  0.801773
  0.520243 -0.123481  0.802331
  0.520503 -0.123660  0.802889
  0.520763 -0.123838  0.803446
  0.521022 -0.124017  0.804004
  0.521281 -0.124196  0.804561
  0.521541 -0.124375  0.805119
  0.521800 -0.124554  0.805676
  0.522058 -0.124733  0.806234
  0.522317 -0.124912  0.806791
  0.522576 -0.125091  0.807349
  0.522834 -0.125271  0.807907
  0.523093 -0.125450  0.808464
  0.523351 -0.125630  0.809022
  0.523609 -0.125810  0.809579
  0.523867 -0.125990  0.810137
  0.524125 -0.126170  0.810694
  0.524382 -0.126350  0.811252
  0.524640 -0.126530  0.811809
  0.524898 -0.126711  0.812367
  0.525155 -0.126891  0.812925
  0.525412 -0.127071  0.813482
  0.525669 -0.127252  0.814040
  0.525926 -0.127433  0.814597
  0.526183 -0.127614  0.815155
  0.526440 -0.127795  0.815712
  0.526696 -0.127976  0.816270
  0.526953 -0.128157  0.816828
  0.527209 -0.128339  0.817385
  0.527466 -0.128520  0.817943
  0.527722 -0.128702  0.818500
  0.527978 -0.128883  0.819058
  0.528234 -0.129065  0.819615
  0.528490 -0.129247  0.820173
  0.528746 -0.129429  0.820730
  0.529001 -0.129612  0.821288
  0.529257 -0.129794  0.821846
  0.529512 -0.129976  0.822403
  0.529768 -0.130159  0.822961
  0.530023 -0.130342  0.823518
  0.530278 -0.130524  0.824076
  0.530533 -0.130707  0.824633
  0.530788 -0.130890  0.825191
  0.531043 -0.131073  0.825749
  0.531298 -0.131256  0.826306
  0.531552 -0.131440  0.826864
  0.531807 -0.131623  0.827421
  0.532061 -0.131807  0.827979
  0.532315 -0.131990  0.828536
  0.532570 -0.132174  0.829094
  0.532824 -0.132358  0.829651
  0.533078 -0.132542  0.830209
  0.533332 -0.132726  0.830767
  0.533585 -0.132911  0.831324
  0.533839 -0.133095  0.831882
  0.534093 -0.133279  0.832439
  0.534346 -0.133464  0.832997
  0.534599 -0.133649  0.833554
  0.534853 -0.133834  0.834112
  0.535106 -0.134019  0.834670
  0.535359 -0.134204  0.835227
  0.535612 -0.134389  0.835785
  0.535865 -0.134574  0.836342
  0.536118 -0.134760  0.836900
  0.536371 -0.134945  0.837457
  0.536623 -0.135131  0.838015
  0.536876 -0.135317  0.838572
  0.537128 -0.135503  0.839130
  0.537380 -0.135689  0.839688
  0.537633 -0.135875  0.840245
  0.537885 -0.136061  0.840803
  0.538137 -0.136248  0.841360
  0.538389 -0.136434  0.841918
  0.538640 -0.136621  0.842475
  0.538892 -0.136808  0.843033
  0.539144 -0.136995  0.843590
  0.539395 -0.137182  0.844148
  0.539647 -0.137369  0.844706
  0.539898 -0.137557  0.845263
  0.540149 -0.137744  0.845821
  0.540400 -0.137932  0.846378
  0.540651 -0.138119  0.846936
  0.540901 -0.138307  0.847493
  0.541152 -0.138495  0.848051
  0.541403 -0.138683  0.848609
  0.541653 -0.138872  0.849166
  0.541904 -0.139060  0.849724
  0.542154 -0.139248  0.850281
  0.542404 -0.139437  0.850839
  0.542654 -0.139626  0.851396
  0.542904 -0.139815  0.851954
  0.543154 -0.140004  0.852511
  0.543404 -0.140193  0.853069
  0.543653 -0.140383  0.853627
  0.543903 -0.140572  0.854184
  0.544152 -0.140762  0.854742
  0.544401 -0.140951  0.855299
  0.544650 -0.141141  0.855857
  0.544899 -0.141331  0.856414
  0.545148 -0.141521  0.856972
  0.545397 -0.141712  0.857530
  0.545646 -0.141902  0.858087
  0.545894 -0.142093  0.858645
  0.546143 -0.142283  0.859202
  0.546391 -0.142474  0.859760
  0.546639 -0.142665  0.860317
  0.546887 -0.142856  0.860875
  0.547135 -0.143048  0.861432
  0.547383 -0.143239  0.861990
  0.547631 -0.143431  0.862548
  0.547878 -0.143622  0.863105
  0.548126 -0.143814  0.863663
  0.548373 -0.144006  0.864220
  0.548620 -0.144198  0.864778
  0.548867 -0.144390  0.865335
  0.549114 -0.144583  0.865893
  0.549361 -0.144775  0.866450
  0.549608 -0.144968  0.867008
  0.549854 -0.145161  0.867566
  0.550101 -0.145354  0.868123
  0.550347 -0.145547  0.868681
  0.550593 -0.145740  0.869238
  0.550839 -0.145933  0.869796
  0.551085 -0.146127  0.870353
  0.551331 -0.146321  0.870911
  0.551577 -0.146514  0.871469
  0.551822 -0.146708  0.872026
  0.552068 -0.146902  0.872584
  0.552313 -0.147097  0.873141
  0.552558 -0.147291  0.873699
  0.552804 -0.147485  0.874256
  0.553048 -0.147680  0.874814
  0.553293 -0.147875  0.875372
  0.553538 -0.148070  0.875929
  0.553783 -0.148265  0.876487
  0.554027 -0.148460  0.877044
  0.554271 -0.148655  0.877602
  0.554515 -0.148851  0.878159
  0.554760 -0.149046  0.878717
  0.555004 -0.149242  0.879274
  0.555247 -0.149438  0.879832
  0.555491 -0.149634  0.880390
  0.555735 -0.149830  0.880947
  0.555978 -0.150026  0.881505
  0.556222 -0.150222  0.882062
  0.556465 -0.150419  0.882620
  0.556708 -0.150616  0.883177
  0.556951 -0.150812  0.883735
  0.557194 -0.151009  0.884292
  0.557436 -0.151206  0.884850
  0.557679 -0.151403  0.885408
  0.557922 -0.151601  0.885965
  0.558164 -0.151798  0.886523
  0.558406 -0.151996  0.887080
  0.558649 -0.152193  0.887638
  0.558891 -0.152391  0.888195
  0.559133 -0.152589  0.888753
  0.559374 -0.152787  0.889311
  0.559616 -0.152986  0.889868
  0.559858 -0.153184  0.890426
  0.560099 -0.153382  0.890983
  0.560340 -0.153581  0.891541
  0.560582 -0.153780  0.892098
  0.560823 -0.153978  0.892656
  0.561064 -0.154177  0.893213
  0.561305 -0.154376  0.893771
  0.561545 -0.154576  0.894329
  0.561786 -0.154775  0.894886
  0.562027 -0.154974  0.895444
  0.562267 -0.155174  0.896001
  0.562507 -0.155373  0.896559
  0.562747 -0.155573  0.897116
  0.562987 -0.155773  0.897674
  0.563227 -0.155973  0.898232
  0.563467 -0.156173  0.898789
  0.563707 -0.156374  0.899347
  0.563946 -0.156574  0.899904
  0.564186 -0.156774  0.900462
  0.564425 -0.156975  0.901019
  0.564664 -0.157176  0.901577
  0.564904 -0.157377  0.902134
  0.565143 -0.157578  0.902692
  0.565382 -0.157779  0.903250
  0.565620 -0.157980  0.903807
  0.565859 -0.158181  0.904365
  0.566098 -0.158382  0.904922
  0.566336 -0.158584  0.905480
  0.566575 -0.158785  0.906037
  0.566813 -0.158987  0.906595
  0.567051 -0.159189  0.907152
  0.567289 -0.159391  0.907710
  0.567527 -0.159593  0.908268
  0.567765 -0.159795  0.908825
  0.568003 -0.159997  0.909383
  0.568240 -0.160199  0.909940
  0.568478 -0.160402  0.910498
  0.568715 -0.160605  0.911055
  0.568952 -0.160807  0.911613
  0.569189 -0.161010  0.912171
  0.569426 -0.161213  0.912728
  0.569663 -0.161416  0.913286
  0.569900 -0.161619  0.913843
  0.570137 -0.161822  0.914401
  0.570373 -0.162025  0.914958
  0.570610 -0.162228  0.915516
  0.570846 -0.162432  0.916074
  0.571082 -0.162635  0.916631
  0.571319 -0.162839  0.917189
  0.571554 -0.163043  0.917746
  0.571790 -0.163247  0.918304
  0.572026 -0.163451  0.918861
  0.572262 -0.163655  0.919419
  0.572497 -0.163859  0.919976
  0.572732 -0.164063  0.920534
  0.572968 -0.164267  0.921092
  0.573203 -0.164472  0.921649
  0.573438 -0.164676  0.922207
  0.573673 -0.164881  0.922764
  0.573908 -0.165086  0.923322
  0.574142 -0.165291  0.923879
  0.574377 -0.165496  0.924437
  0.574611 -0.165701  0.924994
  0.574846 -0.165906  0.925552
  0.575080 -0.166111  0.926110
  0.575314 -0.166316  0.926667
  0.575548 -0.166522  0.927225
  0.575782 -0.166727  0.927782
  0.576015 -0.166933  0.928340
  0.576249 -0.167138  0.928897
  0.576483 -0.167344  0.929455
  0.576716 -0.167550  0.930013
  0.576949 -0.167756  0.930570
  0.577182 -0.167962  0.931128
  0.577415 -0.168168  0.931685
  0.577648 -0.168374  0.932243
  0.577881 -0.168580  0.932800
  0.578113 -0.168787  0.933358
  0.578346 -0.168993  0.933915
  0.578578 -0.169200  0.934473
  0.578810 -0.169406  0.935031
  0.579042 -0.169613  0.935588
  0.579274 -0.169820  0.936146
  0.579506 -0.170027  0.936703
  0.579737 -0.170234  0.937261
  0.579969 -0.170441  0.937818
  0.580200 -0.170648  0.938376
  0.580431 -0.170856  0.938933
  0.580662 -0.171063  0.939491
  0.580893 -0.171270  0.940049
  0.581124 -0.171478  0.940606
  0.581355 -0.171686  0.941164
  0.581585 -0.171893  0.941721
  0.581816 -0.172101  0.942279
  0.582046 -0.172309  0.942836
  0.582276 -0.172517  0.943394
  0.582506 -0.172725  0.943952
  0.582736 -0.172933  0.944509
  0.582965 -0.173141  0.945067
  0.583195 -0.173350  0.945624
  0.583424 -0.173558  0.946182
  0.583653 -0.173766  0.946739
  0.583883 -0.173975  0.947297
  0.584112 -0.174184  0.947854
  0.584340 -0.174392  0.948412
  0.584569 -0.174601  0.948970
  0.584798 -0.174810  0.949527
  0.585026 -0.175019  0.950085
  0.585254 -0.175228  0.950642
  0.585482 -0.175437  0.951200
  0.585710 -0.175646  0.951757
  0.585938 -0.175856  0.952315
  0.586165 -0.176065  0.952873
  0.586393 -0.176275  0.953430
  0.586620 -0.176484  0.953988
  0.586847 -0.176694  0.954545
  0.587074 -0.176903  0.955103
  0.587301 -0.177113  0.955660
  0.587528 -0.177323  0.956218
  0.587754 -0.177533  0.956775
  0.587981 -0.177743  0.957333
  0.588207 -0.177953  0.957891
  0.588434 -0.178163  0.958448
  0.588660 -0.178373  0.959006
  0.588885 -0.178584  0.959563
  0.589111 -0.178794  0.960121
  0.589337 -0.179004  0.960678
  0.589562 -0.179215  0.961236
  0.589787 -0.179425  0.961794
  0.590013 -0.179636  0.962351
  0.590238 -0.179847  0.962909
  0.590463 -0.180058  0.963466
  0.590687 -0.180268  0.964024
  0.590912 -0.180479  0.964581
  0.591136 -0.180690  0.965139
  0.591361 -0.180901  0.965696
  0.591585 -0.181113  0.966254
  0.591809 -0.181324  0.966812
  0.592033 -0.181535  0.967369
  0.592257 -0.181746  0.967927
  0.592480 -0.181958  0.968484
  0.592704 -0.182169  0.969042
  0.592927 -0.182381  0.969599
  0.593151 -0.182592  0.970157
  0.593374 -0.182804  0.970715
  0.593597 -0.183016  0.971272
  0.593820 -0.183228  0.971830
  0.594042 -0.183440  0.972387
  0.594265 -0.183652  0.972945
  0.594488 -0.183864  0.973502
  0.594710 -0.184076  0.974060
  0.594932 -0.184288  0.974617
  0.595154 -0.184500  0.975175
  0.595376 -0.184712  0.975733
  0.595598 -0.184924  0.976290
  0.595820 -0.185137  0.976848
  0.596042 -0.185349  0.977405
  0.596263 -0.185562  0.977963
  0.596485 -0.185774  0.978520
  0.596706 -0.185987  0.979078
  0.596927 -0.186199  0.979635
  0.597148 -0.186412  0.980193
  0.597369 -0.186625  0.980751
  0.597590 -0.186838  0.981308
  0.597811 -0.187051  0.981866
  0.598031 -0.187264  0.982423
  0.598252 -0.187477  0.982981
  0.598472 -0.187690  0.983538
  0.598693 -0.187903  0.984096
  0.598913 -0.188116  0.984654
  0.599133 -0.188329  0.985211
  0.599353 -0.188542  0.985769
  0.599573 -0.188756  0.986326
  0.599793 -0.188969  0.986884
  0.600012 -0.189182  0.987441
  0.600232 -0.189396  0.987999
  0.600451 -0.189609  0.988556
  0.600671 -0.189823  0.989114
  0.600890 -0.190036  0.989672
  0.601109 -0.190250  0.990229
  0.601328 -0.190464  0.990787
  0.601547 -0.190678  0.991344
  0.601766 -0.190891  0.991902
  0.601985 -0.191105  0.992459
  0.602204 -0.191319  0.993017
  0.602422 -0.191533  0.993575
  0.602641 -0.191747  0.994132
  0.602859 -0.191961  0.994690
  0.603077 -0.192175  0.995247
  0.603295 -0.192389  0.995805
  0.603514 -0.192604  0.996362
  0.603732 -0.192818  0.996920
  0.603950 -0.193032  0.997477
  0.604167 -0.193246  0.998035
  0.604385 -0.193461  0.998593
  0.604603 -0.193675  0.999150
  0.604820 -0.193889  0.999708
  0.605038 -0.194104  1.000265
  0.605255 -0.194319  1.000823
  0.605472 -0.194533  1.001380
  0.605690 -0.194748  1.001938
  0.605907 -0.194962  1.002496
  0.606124 -0.195177  1.003053
  0.606341 -0.195392  1.003611
  0.606558 -0.195607  1.004168
  0.606774 -0.195822  1.004726
  0.606991 -0.196036  1.005283
  0.607208 -0.196251  1.005841
  0.607424 -0.196466  1.006398
  0.607641 -0.196681  1.006956
  0.607857 -0.196897  1.007514
  0.608073 -0.197112  1.008071
  0.608289 -0.197327  1.008629
  0.608505 -0.197542  1.009186
  0.608721 -0.197758  1.009744
  0.608937 -0.197973  1.010301
  0.609153 -0.198188  1.010859
  0.609369 -0.198404  1.011416
  0.609584 -0.198619  1.011974
  0.609800 -0.198835  1.012532
  0.610015 -0.199050  1.013089
  0.610231 -0.199266  1.013647
  0.610446 -0.199481  1.014204
  0.610661 -0.199697  1.014762
  0.610876 -0.199913  1.015319
  0.611091 -0.200129  1.015877
  0.611306 -0.200345  1.016435
  0.611521 -0.200561  1.016992
  0.611735 -0.200777  1.017550
  0.611950 -0.200993  1.018107
  0.612164 -0.201209  1.018665
  0.612379 -0.201425  1.019222
  0.612593 -0.201641  1.019780
  0.612807 -0.201857  1.020337
  0.613021 -0.202074  1.020895
  0.613235 -0.202290  1.021453
  0.613449 -0.202506  1.022010
  0.613663 -0.202723  1.022568
  0.613876 -0.202939  1.023125
  0.614090 -0.203156  1.023683
  0.614303 -0.203372  1.024240
  0.614516 -0.203589  1.024798
  0.614730 -0.203806  1.025356
  0.614943 -0.204022  1.025913
  0.615156 -0.204239  1.026471
  0.615369 -0.204456  1.027028
  0.615582 -0.204673  1.027586
  0.615794 -0.204890  1.028143
  0.616007 -0.205107  1.028701
  0.616220 -0.205324  1.029258
  0.616432 -0.205541  1.029816
  0.616644 -0.205759  1.030374
  0.616856 -0.205976  1.030931
  0.617068 -0.206193  1.031489
  0.617280 -0.206411  1.032046
  0.617492 -0.206628  1.032604
  0.617704 -0.206846  1.033161
  0.617915 -0.207063  1.033719
  0.618127 -0.207281  1.034276
  0.618338 -0.207499  1.034834
  0.618550 -0.207716  1.035392
  0.618761 -0.207934  1.035949
  0.618972 -0.208152  1.036507
  0.619183 -0.208370  1.037064
  0.619394 -0.208588  1.037622
  0.619604 -0.208806  1.038179
  0.619815 -0.209024  1.038737
  0.620025 -0.209242  1.039295
  0.620236 -0.209461  1.039852
  0.620446 -0.209679  1.040410
  0.620656 -0.209897  1.040967
  0.620866 -0.210116  1.041525
  0.621076 -0.210334  1.042082
  0.621285 -0.210553  1.042640
  0.621495 -0.210771  1.043198
  0.621705 -0.210990  1.043755
  0.621914 -0.211209  1.044313
  0.622123 -0.211427  1.044870
  0.622333 -0.211646  1.045428
  0.622542 -0.211865  1.045985
  0.622751 -0.212084  1.046543
  0.622960 -0.212303  1.047100
  0.623168 -0.212522  1.047658
  0.623377 -0.212741  1.048216
  0.623585 -0.212961  1.048773
  0.623794 -0.213180  1.049331
  0.624002 -0.213399  1.049888
  0.624210 -0.213619  1.050446
  0.624418 -0.213838  1.051003
  0.624626 -0.214057  1.051561
  0.624834 -0.214277  1.052119
  0.625042 -0.214497  1.052676
  0.625249 -0.214716  1.053234
  0.625457 -0.214936  1.053791
  0.625664 -0.215156  1.054349
  0.625871 -0.215376  1.054906
  0.626078 -0.215596  1.055464
  0.626285 -0.215816  1.056021
  0.626492 -0.216035  1.056579
  0.626699 -0.216256  1.057137
  0.626906 -0.216476  1.057694
  0.627112 -0.216696  1.058252
  0.627319 -0.216916  1.058809
  0.627525 -0.217136  1.059367
  0.627732 -0.217357  1.059924
  0.627938 -0.217577  1.060482
  0.628144 -0.217798  1.061039
  0.628350 -0.218018  1.061597
  0.628556 -0.218239  1.062155
  0.628762 -0.218459  1.062712
  0.628967 -0.218680  1.063270
  0.629173 -0.218901  1.063827
  0.629378 -0.219121  1.064385
  0.629584 -0.219342  1.064942
  0.629789 -0.219563  1.065500
  0.629994 -0.219784  1.066058
  0.630199 -0.220005  1.066615
  0.630404 -0.220226  1.067173
  0.630609 -0.220447  1.067730
  0.630814 -0.220668  1.068288
  0.631019 -0.220889  1.068845
  0.631223 -0.221111  1.069403
  0.631428 -0.221332  1.069960
  0.631632 -0.221553  1.070518
  0.631836 -0.221775  1.071076
  0.632041 -0.221996  1.071633
  0.632245 -0.222218  1.072191
  0.632449 -0.222439  1.072748
  0.632653 -0.222661  1.073306
  0.632857 -0.222882  1.073863
  0.633060 -0.223104  1.074421
  0.633264 -0.223326  1.074978
  0.633468 -0.223548  1.075536
  0.633671 -0.223769  1.076094
  0.633875 -0.223991  1.076651
  0.634078 -0.224213  1.077209
  0.634281 -0.224435  1.077766
  0.634484 -0.224657  1.078324
  0.634687 -0.224879  1.078881
  0.634890 -0.225102  1.079439
  0.635093 -0.225324  1.079997
  0.635296 -0.225546  1.080554
  0.635498 -0.225768  1.081112
  0.635701 -0.225991  1.081669
  0.635903 -0.226213  1.082227
  0.636106 -0.226435  1.082784
  0.636308 -0.226658  1.083342
  0.636510 -0.226880  1.083899
  0.636713 -0.227103  1.084457
  0.636914 -0.227325  1.085015
  0.637117 -0.227548  1.085572
  0.637318 -0.227771  1.086130
  0.637520 -0.227994  1.086687
  0.637722 -0.228216  1.087245
  0.637924 -0.228439  1.087802
  0.638125 -0.228662  1.088360
  0.638327 -0.228885  1.088917
  0.638528 -0.229108  1.089475
  0.638729 -0.229331  1.090033
  0.638931 -0.229554  1.090590
  0.639132 -0.229777  1.091148
  0.639333 -0.230001  1.091705
  0.639534 -0.230224  1.092263
  0.639735 -0.230447  1.092821
  0.639935 -0.230670  1.093378
  0.640136 -0.230894  1.093936
  0.640336 -0.231117  1.094493
  0.640537 -0.231340  1.095051
  0.640737 -0.231564  1.095608
  0.640937 -0.231787  1.096166
  0.641138 -0.232011  1.096723
  0.641338 -0.232234  1.097281
  0.641538 -0.232458  1.097839
  0.641737 -0.232682  1.098396
  0.641937 -0.232906  1.098954
  0.642137 -0.233129  1.099511
  0.642337 -0.233353  1.100069
  0.642536 -0.233577  1.100626
  0.642735 -0.233801  1.101184
  0.642935 -0.234025  1.101741
  0.643134 -0.234249  1.102299
  0.643333 -0.234473  1.102857
  0.643532 -0.234697  1.103414
  0.643731 -0.234922  1.103972
  0.643930 -0.235146  1.104529
  0.644128 -0.235370  1.105087
  0.644327 -0.235595  1.105644
  0.644525 -0.235819  1.106202
  0.644724 -0.236043  1.106760
  0.644922 -0.236268  1.107317
  0.645120 -0.236492  1.107875
  0.645318 -0.236717  1.108432
  0.645516 -0.236941  1.108990
  0.645714 -0.237166  1.109547
  0.645911 -0.237391  1.110105
  0.646109 -0.237616  1.110662
  0.646307 -0.237840  1.111220
  0.646504 -0.238065  1.111778
  0.646701 -0.238290  1.112335
  0.646899 -0.238515  1.112893
  0.647096 -0.238740  1.113450
  0.647293 -0.238965  1.114008
  0.647489 -0.239190  1.114565
  0.647686 -0.239415  1.115123
  0.647883 -0.239641  1.115680
  0.648080 -0.239866  1.116238
  0.648276 -0.240091  1.116796
  0.648472 -0.240316  1.117353
  0.648668 -0.240542  1.117911
  0.648864 -0.240767  1.118468
  0.649060 -0.240993  1.119026
  0.649256 -0.241218  1.119583
  0.649452 -0.241444  1.120141
  0.649647 -0.241670  1.120699
  0.649843 -0.241895  1.121256
  0.650038 -0.242121  1.121814
  0.650233 -0.242347  1.122371
  0.650429 -0.242573  1.122929
  0.650624 -0.242799  1.123486
  0.650819 -0.243024  1.124044
  0.651013 -0.243250  1.124601
  0.651208 -0.243476  1.125159
  0.651403 -0.243702  1.125717
  0.651597 -0.243929  1.126274
  0.651792 -0.244155  1.126832
  0.651986 -0.244381  1.127389
  0.652180 -0.244607  1.127947
  0.652374 -0.244834  1.128504
  0.652568 -0.245060  1.129062
  0.652762 -0.245286  1.129619
  0.652955 -0.245513  1.130177
  0.653149 -0.245739  1.130735
  0.653342 -0.245966  1.131292
  0.653536 -0.246192  1.131850
  0.653729 -0.246419  1.132407
  0.653922 -0.246646  1.132965
  0.654115 -0.246873  1.133523
  0.654308 -0.247099  1.134080
  0.654501 -0.247326  1.134638
  0.654694 -0.247553  1.135195
  0.654886 -0.247780  1.135753
  0.655079 -0.248007  1.136310
  0.655272 -0.248234  1.136868
  0.655464 -0.248461  1.137425
  0.655656 -0.248688  1.137983
  0.655848 -0.248916  1.138541
  0.656040 -0.249143  1.139098
  0.656232 -0.249370  1.139656
  0.656424 -0.249597  1.140213
  0.656616 -0.249825  1.140771
  0.656807 -0.250052  1.141328
  0.656999 -0.250280  1.141886
  0.657190 -0.250507  1.142443
  0.657382 -0.250735  1.143001
  0.657573 -0.250962  1.143559
  0.657764 -0.251190  1.144116
  0.657955 -0.251418  1.144674
  0.658146 -0.251645  1.145231
  0.658337 -0.251873  1.145789
  0.658528 -0.252101  1.146346
  0.658719 -0.252329  1.146904
  0.658909 -0.252557  1.147462
  0.659100 -0.252784  1.148019
  0.659291 -0.253012  1.148577
  0.659481 -0.253240  1.149134
  0.659671 -0.253468  1.149692
  0.659862 -0.253696  1.150249
  0.660052 -0.253925  1.150807
  0.660242 -0.254153  1.151364
  0.660432 -0.254381  1.151922
  0.660622 -0.254609  1.152480
  0.660812 -0.254837  1.153037
  0.661002 -0.255066  1.153595
  0.661192 -0.255294  1.154152
  0.661381 -0.255522  1.154710
  0.661571 -0.255751  1.155267
  0.661761 -0.255979  1.155825
  0.661950 -0.256207  1.156382
  0.662140 -0.256436  1.156940
  0.662329 -0.256664  1.157498
  0.662519 -0.256893  1.158055
  0.662708 -0.257122  1.158613
  0.662898 -0.257350  1.159170
  0.663087 -0.257579  1.159728
  0.663276 -0.257807  1.160285
  0.663465 -0.258036  1.160843
  0.663654 -0.258265  1.161401
  0.663844 -0.258494  1.161958
  0.664032 -0.258722  1.162516
  0.664221 -0.258951  1.163073
  0.664410 -0.259180  1.163631
  0.664599 -0.259409  1.164188
  0.664788 -0.259638  1.164746
  0.664977 -0.259867  1.165303
  0.665166 -0.260096  1.165861
  0.665354 -0.260325  1.166419
  0.665543 -0.260554  1.166976
  0.665732 -0.260783  1.167534
  0.665920 -0.261012  1.168091
  0.666109 -0.261241  1.168649
  0.666298 -0.261470  1.169206
  0.666487 -0.261699  1.169764
  0.666675 -0.261928  1.170321
  0.666864 -0.262158  1.170879
  0.667052 -0.262387  1.171437
  0.667241 -0.262616  1.171994
  0.667429 -0.262845  1.172552
  0.667618 -0.263075  1.173109
  0.667806 -0.263304  1.173667
  0.667994 -0.263533  1.174224
  0.668183 -0.263763  1.174782
  0.668371 -0.263992  1.175340
  0.668559 -0.264221  1.175897
  0.668748 -0.264451  1.176455
  0.668936 -0.264680  1.177012
  0.669124 -0.264910  1.177570
  0.669312 -0.265139  1.178127
  0.669500 -0.265369  1.178685
  0.669688 -0.265598  1.179242
  0.669876 -0.265828  1.179800
  0.670064 -0.266058  1.180358
  0.670252 -0.266287  1.180915
  0.670440 -0.266517  1.181473
  0.670628 -0.266747  1.182030
  0.670816 -0.266976  1.182588
  0.671004 -0.267206  1.183145
  0.671192 -0.267436  1.183703
  0.671380 -0.267665  1.184261
  0.671568 -0.267895  1.184818
  0.671756 -0.268125  1.185376
  0.671944 -0.268355  1.185933
  0.672132 -0.268585  1.186491
  0.672320 -0.268815  1.187048
  0.672508 -0.269044  1.187606
  0.672695 -0.269274  1.188164
  0.672883 -0.269504  1.188721
  0.673071 -0.269734  1.189279
  0.673258 -0.269964  1.189836
  0.673446 -0.270194  1.190394
  0.673634 -0.270424  1.190951
  0.673821 -0.270654  1.191509
  0.674009 -0.270885  1.192066
  0.674196 -0.271115  1.192624
  0.674384 -0.271345  1.193182
  0.674571 -0.271575  1.193739
  0.674758 -0.271805  1.194297
  0.674946 -0.272035  1.194854
  0.675133 -0.272266  1.195412
  0.675321 -0.272496  1.195969
  0.675508 -0.272726  1.196527
  0.675695 -0.272957  1.197084
  0.675882 -0.273187  1.197642
  0.676070 -0.273417  1.198200
  0.676257 -0.273648  1.198757
  0.676444 -0.273878  1.199315
  0.676631 -0.274109  1.199872
  0.676818 -0.274339  1.200430
  0.677005 -0.274570  1.200987
  0.677192 -0.274800  1.201545
  0.677379 -0.275031  1.202103
  0.677566 -0.275261  1.202660
  0.677753 -0.275492  1.203218
  0.677940 -0.275723  1.203775
  0.678126 -0.275953  1.204333
  0.678313 -0.276184  1.204890
  0.678500 -0.276415  1.205448
  0.678686 -0.276646  1.206005
  0.678873 -0.276876  1.206563
  0.679059 -0.277107  1.207121
  0.679246 -0.277338  1.207678
  0.679432 -0.277569  1.208236
  0.679619 -0.277800  1.208793
  0.679805 -0.278031  1.209351
  0.679991 -0.278261  1.209908
  0.680177 -0.278492  1.210466
  0.680364 -0.278723  1.211023
  0.680550 -0.278955  1.211581
  0.680736 -0.279186  1.212139
  0.680922 -0.279417  1.212696
  0.681108 -0.279648  1.213254
  0.681293 -0.279879  1.213811
  0.681479 -0.280110  1.214369
  0.681665 -0.280341  1.214926
  0.681851 -0.280572  1.215484
  0.682036 -0.280804  1.216042
  0.682222 -0.281035  1.216599
  0.682408 -0.281266  1.217157
  0.682593 -0.281497  1.217714
  0.682779 -0.281729  1.218272
