 0    0.000000000000e+000  0.000000000000e+000
 1    1.874999958090e-003 -9.346442587344e-007
 2    3.749999916181e-003 -3.627182278478e-006
 3    5.625000223517e-003 -7.960645598359e-006
 4    7.499999832362e-003 -1.381701594710e-005
 5    9.375000372529e-003 -2.107858886120e-005
 6    1.125000044703e-002 -2.962907116853e-005
 7    1.312499959022e-002 -3.935447461117e-005
 8    1.499999966472e-002 -5.014382451918e-005
 9    1.687500067055e-002 -6.188973671669e-005
 10    1.875000074506e-002 -7.448883563484e-005
 11    2.062500081956e-002 -8.784218232904e-005
 12    2.250000089407e-002 -1.018555107657e-004
 13    2.437499910593e-002 -1.164394780426e-004
 14    2.624999918044e-002 -1.315098437772e-004
 15    2.812499925494e-002 -1.469876267220e-004
 16    2.999999932945e-002 -1.627991190617e-004
 17    3.187499940395e-002 -1.788760133059e-004
 18    3.375000134110e-002 -1.951553014806e-004
 19    3.562499955297e-002 -2.115792330733e-004
 20    3.750000149012e-002 -2.280951674038e-004
 21    3.937499970198e-002 -2.446552936453e-004
 22    4.125000163913e-002 -2.612164487073e-004
 23    4.312499985099e-002 -2.777396650345e-004
 24    4.500000178814e-002 -2.941897838900e-004
 25    4.687500000000e-002 -3.105350320402e-004
 26    4.874999821186e-002 -3.267465026875e-004
 27    5.062500014901e-002 -3.427976336388e-004
 28    5.249999836087e-002 -3.586637281114e-004
 29    5.437500029802e-002 -3.743215581926e-004
 30    5.624999850988e-002 -3.897488162329e-004
 31    5.812500044703e-002 -4.049240153108e-004
 32    5.999999865890e-002 -4.198260785779e-004
 33    6.187500059605e-002 -4.344343772391e-004
 34    6.374999880791e-002 -4.487287459779e-004
 35    6.562499701977e-002 -4.626896968693e-004
 36    6.750000268221e-002 -4.762987980212e-004
 37    6.937500089407e-002 -4.895389545709e-004
 38    7.124999910593e-002 -5.023952570627e-004
 39    7.312499731779e-002 -5.148554299376e-004
 40    7.500000298023e-002 -5.269105377374e-004
 41    7.687500119209e-002 -5.385557681439e-004
 42    7.874999940395e-002 -5.497909415863e-004
 43    8.062499761581e-002 -5.606212478597e-004
 44    8.250000327826e-002 -5.710573474062e-004
 45    8.437500149012e-002 -5.811159859877e-004
 46    8.624999970198e-002 -5.908195066149e-004
 47    8.812499791384e-002 -6.001959292917e-004
 48    9.000000357628e-002 -6.092781963525e-004
 49    9.187500178814e-002 -6.181032443419e-004
 50    9.375000000000e-002 -6.267110438785e-004
 51    9.562499821186e-002 -6.351429619826e-004
 52    9.749999642372e-002 -6.434401957085e-004
 53    9.937500208616e-002 -6.516419918626e-004
 54    1.012500002980e-001 -6.597836583387e-004
 55    1.031249985099e-001 -6.678945248132e-004
 56    1.049999967217e-001 -6.759961502394e-004
 57    1.068750023842e-001 -6.841006796458e-004
 58    1.087500005960e-001 -6.922089811997e-004
 59    1.106249988079e-001 -7.003100175643e-004
 60    1.124999970198e-001 -7.083795723156e-004
 61    1.143750026822e-001 -7.163804236916e-004
 62    1.162500008941e-001 -7.242626111838e-004
 63    1.181249991059e-001 -7.319641299546e-004
 64    1.199999973178e-001 -7.394128417945e-004
 65    1.218750029802e-001 -7.465283022611e-004
 66    1.237500011921e-001 -7.532244917820e-004
 67    1.256249994040e-001 -7.594131585211e-004
 68    1.274999976158e-001 -7.650072860997e-004
 69    1.293749958277e-001 -7.699248832068e-004
 70    1.312499940395e-001 -7.740931081935e-004
 71    1.331250071526e-001 -7.774522088584e-004
 72    1.350000053644e-001 -7.799593053642e-004
 73    1.368750035763e-001 -7.815920549911e-004
 74    1.387500017881e-001 -7.823514103075e-004
 75    1.406250000000e-001 -7.822641660459e-004
 76    1.424999982119e-001 -7.813843715121e-004
 77    1.443749964237e-001 -7.797940098681e-004
 78    1.462499946356e-001 -7.776027813088e-004
 79    1.481249928474e-001 -7.749463844812e-004
 80    1.500000059605e-001 -7.719844442909e-004
 81    1.518750041723e-001 -7.688966536080e-004
 82    1.537500023842e-001 -7.658784289379e-004
 83    1.556250005960e-001 -7.631355215563e-004
 84    1.574999988079e-001 -7.608779773000e-004
 85    1.593749970198e-001 -7.593134057242e-004
 86    1.612499952316e-001 -7.586399451247e-004
 87    1.631249934435e-001 -7.590393515420e-004
 88    1.650000065565e-001 -7.606698671589e-004
 89    1.668750047684e-001 -7.636596303200e-004
 90    1.687500029802e-001 -7.681007377687e-004
 91    1.706250011921e-001 -7.740442096838e-004
 92    1.724999994040e-001 -7.814958220115e-004
 93    1.743749976158e-001 -7.904133934062e-004
 94    1.762499958277e-001 -8.007055803319e-004
 95    1.781249940395e-001 -8.122318415553e-004
 96    1.800000071526e-001 -8.248041200568e-004
 97    1.818750053644e-001 -8.381903578993e-004
 98    1.837500035763e-001 -8.521191240288e-004
 99    1.856250017881e-001 -8.662857240415e-004
 100    1.875000000000e-001 -8.803598105442e-004
 101    1.893749982119e-001 -8.939938119147e-004
 102    1.912499964237e-001 -9.068321474479e-004
 103    1.931249946356e-001 -9.185210976284e-004
 104    1.949999928474e-001 -9.287188094459e-004
 105    1.968750059605e-001 -9.371054050280e-004
 106    1.987500041723e-001 -9.433922398603e-004
 107    2.006250023842e-001 -9.473312136834e-004
 108    2.025000005960e-001 -9.487223581527e-004
 109    2.043749988079e-001 -9.474207629682e-004
 110    2.062499970198e-001 -9.433416108368e-004
 111    2.081249952316e-001 -9.364639548585e-004
 112    2.099999934435e-001 -9.268328498001e-004
 113    2.118750065565e-001 -9.145589062246e-004
 114    2.137500047684e-001 -8.998173772125e-004
 115    2.156250029802e-001 -8.828442654340e-004
 116    2.175000011921e-001 -8.639314296306e-004
 117    2.193749994040e-001 -8.434201980708e-004
 118    2.212499976158e-001 -8.216936042299e-004
 119    2.231249958277e-001 -7.991674699588e-004
 120    2.249999940395e-001 -7.762811705470e-004
 121    2.268750071526e-001 -7.534873692202e-004
 122    2.287500053644e-001 -7.312421468669e-004
 123    2.306250035763e-001 -7.099948369432e-004
 124    2.325000017881e-001 -6.901784741785e-004
 125    2.343750000000e-001 -6.722009612713e-004
 126    2.362499982119e-001 -6.564369966509e-004
 127    2.381249964237e-001 -6.432211762876e-004
 128    2.399999946356e-001 -6.328424319508e-004
 129    2.418749928474e-001 -6.255397063796e-004
 130    2.437500059605e-001 -6.214990024455e-004
 131    2.456250041723e-001 -6.208519535721e-004
 132    2.475000023842e-001 -6.236758723389e-004
 133    2.493750005960e-001 -6.299946014769e-004
 134    2.512499988079e-001 -6.397811208444e-004
 135    2.531250119209e-001 -6.529607184348e-004
 136    2.549999952316e-001 -6.694152660202e-004
 137    2.568750083447e-001 -6.889876993955e-004
 138    2.587499916553e-001 -7.114873648970e-004
 139    2.606250047684e-001 -7.366951979930e-004
 140    2.624999880791e-001 -7.643690463738e-004
 141    2.643750011921e-001 -7.942489208654e-004
 142    2.662500143051e-001 -8.260613612947e-004
 143    2.681249976158e-001 -8.595240672003e-004
 144    2.700000107288e-001 -8.943492604885e-004
 145    2.718749940395e-001 -9.302466578083e-004
 146    2.737500071526e-001 -9.669258573558e-004
 147    2.756249904633e-001 -1.004097799305e-003
 148    2.775000035763e-001 -1.041475451202e-003
 149    2.793749868870e-001 -1.078774661291e-003
 150    2.812500000000e-001 -1.115712860774e-003
 151    2.831250131130e-001 -1.152009764337e-003
 152    2.849999964237e-001 -1.187385208032e-003
 153    2.868750095367e-001 -1.221558601537e-003
 154    2.887499928474e-001 -1.254247670877e-003
 155    2.906250059605e-001 -1.285167434835e-003
 156    2.924999892712e-001 -1.314029248897e-003
 157    2.943750023842e-001 -1.340540066012e-003
 158    2.962499856949e-001 -1.364402482868e-003
 159    2.981249988079e-001 -1.385314736399e-003
 160    3.000000119209e-001 -1.402971139905e-003
 161    3.018749952316e-001 -1.417063448898e-003
 162    3.037500083447e-001 -1.427281970537e-003
 163    3.056249916553e-001 -1.433317507472e-003
 164    3.075000047684e-001 -1.434863437971e-003
 165    3.093749880791e-001 -1.431617565322e-003
 166    3.112500011921e-001 -1.423285249002e-003
 167    3.131250143051e-001 -1.409581001208e-003
 168    3.149999976158e-001 -1.390231430346e-003
 169    3.168750107288e-001 -1.364976763398e-003
 170    3.187499940395e-001 -1.333573311058e-003
 171    3.206250071526e-001 -1.295794181060e-003
 172    3.224999904633e-001 -1.251431232522e-003
 173    3.243750035763e-001 -1.200295086892e-003
 174    3.262499868870e-001 -1.142215589643e-003
 175    3.281250000000e-001 -1.077041673998e-003
 176    3.300000131130e-001 -1.004640453903e-003
 177    3.318749964237e-001 -9.248965460574e-004
 178    3.337500095367e-001 -8.377103993553e-004
 179    3.356249928474e-001 -7.429971003148e-004
 180    3.375000059605e-001 -6.406846256141e-004
 181    3.393749892712e-001 -5.307121049918e-004
 182    3.412500023842e-001 -4.130282845836e-004
 183    3.431249856949e-001 -2.875901206062e-004
 184    3.449999988079e-001 -1.543615800620e-004
 185    3.468750119209e-001 -1.331277555437e-005
 186    3.487499952316e-001  1.355804095510e-004
 187    3.506250083447e-001  2.923365260358e-004
 188    3.524999916553e-001  4.569677845575e-004
 189    3.543750047684e-001  6.294795579743e-004
 190    3.562499880791e-001  8.098687464371e-004
 191    3.581250011921e-001  9.981223283103e-004
 192    3.600000143051e-001  1.194214728312e-003
 193    3.618749976158e-001  1.398106297129e-003
 194    3.637500107288e-001  1.609740180429e-003
 195    3.656249940395e-001  1.829040055163e-003
 196    3.675000071526e-001  2.055906807072e-003
 197    3.693749904633e-001  2.290217344416e-003
 198    3.712500035763e-001  2.531821399461e-003
 199    3.731249868870e-001  2.780539805535e-003
 200    3.750000000000e-001  3.036163051147e-003
 201    3.768750131130e-001  3.298449681606e-003
 202    3.787499964237e-001  3.567127176793e-003
 203    3.806250095367e-001  3.841890022159e-003
 204    3.824999928474e-001  4.122401683126e-003
 205    3.843750059605e-001  4.408295101020e-003
 206    3.862499892712e-001  4.699174382258e-003
 207    3.881250023842e-001  4.994617749471e-003
 208    3.899999856949e-001  5.294178938493e-003
 209    3.918749988079e-001  5.597390478943e-003
 210    3.937500119209e-001  5.903769056313e-003
 211    3.956249952316e-001  6.212816119660e-003
 212    3.975000083447e-001  6.524024151731e-003
 213    3.993749916553e-001  6.836879868060e-003
 214    4.012500047684e-001  7.150867227465e-003
 215    4.031249880791e-001  7.465473695192e-003
 216    4.050000011921e-001  7.780192247592e-003
 217    4.068750143051e-001  8.094525104389e-003
 218    4.087499976158e-001  8.407988939434e-003
 219    4.106250107288e-001  8.720117127523e-003
 220    4.124999940395e-001  9.030462265946e-003
 221    4.143750071526e-001  9.338600425981e-003
 222    4.162499904633e-001  9.644133029506e-003
 223    4.181250035763e-001  9.946690169163e-003
 224    4.199999868870e-001  1.024593008216e-002
 225    4.218750000000e-001  1.054154434707e-002
 226    4.237500131130e-001  1.083325848449e-002
 227    4.256249964237e-001  1.112083021551e-002
 228    4.275000095367e-001  1.140405694023e-002
 229    4.293749928474e-001  1.168277159333e-002
 230    4.312500059605e-001  1.195684471633e-002
 231    4.331249892712e-001  1.222618552390e-002
 232    4.350000023842e-001  1.249074190389e-002
 233    4.368749856949e-001  1.275050122757e-002
 234    4.387499988079e-001  1.300548806787e-002
 235    4.406250119209e-001  1.325576688629e-002
 236    4.424999952316e-001  1.350143668707e-002
 237    4.443750083447e-001  1.374263329897e-002
 238    4.462499916553e-001  1.397952716798e-002
 239    4.481250047684e-001  1.421232062392e-002
 240    4.499999880791e-001  1.444124622736e-002
 241    4.518750011921e-001  1.466655968223e-002
 242    4.537500143051e-001  1.488854593132e-002
 243    4.556249976158e-001  1.510750525165e-002
 244    4.575000107288e-001  1.532375488896e-002
 245    4.593749940395e-001  1.553762495983e-002
 246    4.612500071526e-001  1.574945226312e-002
 247    4.631249904633e-001  1.595957560930e-002
 248    4.650000035763e-001  1.616833053529e-002
 249    4.668749868870e-001  1.637604864314e-002
 250    4.687500000000e-001  1.658304699697e-002
 251    4.706250131130e-001  1.678962756880e-002
 252    4.724999964237e-001  1.699607337825e-002
 253    4.743750095367e-001  1.720263822004e-002
 254    4.762499928474e-001  1.740955717862e-002
 255    4.781250059605e-001  1.761702677235e-002
 256    4.799999892712e-001  1.782521360554e-002
 257    4.818750023842e-001  1.803425262682e-002
 258    4.837499856949e-001  1.824424088001e-002
 259    4.856249988079e-001  1.845524162054e-002
 260    4.875000119209e-001  1.866728257388e-002
 261    4.893749952316e-001  1.888036049902e-002
 262    4.912500083447e-001  1.909443662502e-002
 263    4.931249916553e-001  1.930944614112e-002
 264    4.950000047684e-001  1.952529873699e-002
 265    4.968749880791e-001  1.974188085645e-002
 266    4.987500011921e-001  1.995906146243e-002
 267    5.006250143051e-001  2.017669429071e-002
 268    5.024999976158e-001  2.039462532848e-002
 269    5.043749809265e-001  2.061269377358e-002
 270    5.062500238419e-001  2.083073801361e-002
 271    5.081250071526e-001  2.104860259220e-002
 272    5.099999904633e-001  2.126613340341e-002
 273    5.118749737740e-001  2.148319036700e-002
 274    5.137500166893e-001  2.169965091161e-002
 275    5.156250000000e-001  2.191540036350e-002
 276    5.174999833107e-001  2.213034849614e-002
 277    5.193750262260e-001  2.234441952780e-002
 278    5.212500095367e-001  2.255756119266e-002
 279    5.231249928474e-001  2.276973566972e-002
 280    5.249999761581e-001  2.298092892393e-002
 281    5.268750190735e-001  2.319113749079e-002
 282    5.287500023842e-001  2.340037700720e-002
 283    5.306249856949e-001  2.360866941512e-002
 284    5.325000286102e-001  2.381605269387e-002
 285    5.343750119209e-001  2.402256242000e-002
 286    5.362499952316e-001  2.422823966481e-002
 287    5.381249785423e-001  2.443312096409e-002
 288    5.400000214577e-001  2.463723738678e-002
 289    5.418750047684e-001  2.484060783871e-002
 290    5.437499880791e-001  2.504323936068e-002
 291    5.456249713898e-001  2.524512187578e-002
 292    5.475000143051e-001  2.544622434303e-002
 293    5.493749976158e-001  2.564649541862e-002
 294    5.512499809265e-001  2.584585850127e-002
 295    5.531250238419e-001  2.604421560653e-002
 296    5.550000071526e-001  2.624144364148e-002
 297    5.568749904633e-001  2.643739464693e-002
 298    5.587499737740e-001  2.663190222345e-002
 299    5.606250166893e-001  2.682477645576e-002
 300    5.625000000000e-001  2.701581724919e-002
 301    5.643749833107e-001  2.720480420627e-002
 302    5.662500262260e-001  2.739151356742e-002
 303    5.681250095367e-001  2.757571475580e-002
 304    5.699999928474e-001  2.775717851706e-002
 305    5.718749761581e-001  2.793567905203e-002
 306    5.737500190735e-001  2.811100578867e-002
 307    5.756250023842e-001  2.828295935877e-002
 308    5.774999856949e-001  2.845136015676e-002
 309    5.793750286102e-001  2.861605782993e-002
 310    5.812500119209e-001  2.877692217939e-002
 311    5.831249952316e-001  2.893385787494e-002
 312    5.849999785423e-001  2.908680070192e-002
 313    5.868750214577e-001  2.923572464846e-002
 314    5.887500047684e-001  2.938063454814e-002
 315    5.906249880791e-001  2.952156730928e-002
 316    5.924999713898e-001  2.965859909542e-002
 317    5.943750143051e-001  2.979183198884e-002
 318    5.962499976158e-001  2.992139852606e-002
 319    5.981249809265e-001  3.004745635204e-002
 320    6.000000238419e-001  3.017018008046e-002
 321    6.018750071526e-001  3.028976261616e-002
 322    6.037499904633e-001  3.040641061962e-002
 323    6.056249737740e-001  3.052032900974e-002
 324    6.075000166893e-001  3.063172925264e-002
 325    6.093750000000e-001  3.074081584811e-002
 326    6.112499833107e-001  3.084778422490e-002
 327    6.131250262260e-001  3.095281722955e-002
 328    6.150000095367e-001  3.105608115904e-002
 329    6.168749928474e-001  3.115771783516e-002
 330    6.187499761581e-001  3.125785198994e-002
 331    6.206250190735e-001  3.135657534935e-002
 332    6.225000023842e-001  3.145396441221e-002
 333    6.243749856949e-001  3.155005732551e-002
 334    6.262500286102e-001  3.164488127455e-002
 335    6.281250119209e-001  3.173842418939e-002
 336    6.299999952316e-001  3.183065634221e-002
 337    6.318749785423e-001  3.192153893411e-002
 338    6.337500214577e-001  3.201099922881e-002
 339    6.356250047684e-001  3.209895728156e-002
 340    6.374999880791e-001  3.218532113358e-002
 341    6.393749713898e-001  3.226998945698e-002
 342    6.412500143051e-001  3.235286308452e-002
 343    6.431249976158e-001  3.243383402005e-002
 344    6.449999809265e-001  3.251279054210e-002
 345    6.468750238419e-001  3.258964123204e-002
 346    6.487500071526e-001  3.266428397968e-002
 347    6.506249904633e-001  3.273663084954e-002
 348    6.524999737740e-001  3.280661072582e-002
 349    6.543750166893e-001  3.287415117025e-002
 350    6.562500000000e-001  3.293919896707e-002
 351    6.581249833107e-001  3.300170516595e-002
 352    6.600000262260e-001  3.306164195761e-002
 353    6.618750095367e-001  3.311898496002e-002
 354    6.637499928474e-001  3.317372744903e-002
 355    6.656249761581e-001  3.322586534545e-002
 356    6.675000190735e-001  3.327540634200e-002
 357    6.693750023842e-001  3.332237627357e-002
 358    6.712499856949e-001  3.336679298431e-002
 359    6.731250286102e-001  3.340869324282e-002
 360    6.750000119209e-001  3.344811651856e-002
 361    6.768749952316e-001  3.348511081189e-002
 362    6.787499785423e-001  3.351972358301e-002
 363    6.806250214577e-001  3.355200871825e-002
 364    6.825000047684e-001  3.358203530312e-002
 365    6.843749880791e-001  3.360986443236e-002
 366    6.862499713898e-001  3.363556627184e-002
 367    6.881250143051e-001  3.365921152756e-002
 368    6.899999976158e-001  3.368088532239e-002
 369    6.918749809265e-001  3.370066665113e-002
 370    6.937500238419e-001  3.371863823384e-002
 371    6.956250071526e-001  3.373488921672e-002
 372    6.974999904633e-001  3.374951409176e-002
 373    6.993749737740e-001  3.376260278746e-002
 374    7.012500166893e-001  3.377424685284e-002
 375    7.031250000000e-001  3.378454666585e-002
 376    7.049999833107e-001  3.379359509796e-002
 377    7.068750262260e-001  3.380148423836e-002
 378    7.087500095367e-001  3.380831230432e-002
 379    7.106249928474e-001  3.381416201591e-002
 380    7.124999761581e-001  3.381912546232e-002
 381    7.143750190735e-001  3.382328242064e-002
 382    7.162500023842e-001  3.382671507075e-002
 383    7.181249856949e-001  3.382948931307e-002
 384    7.200000286102e-001  3.383167129010e-002
 385    7.218750119209e-001  3.383332636207e-002
 386    7.237499952316e-001  3.383450144902e-002
 387    7.256249785423e-001  3.383524533361e-002
 388    7.275000214577e-001  3.383559532464e-002
 389    7.293750047684e-001  3.383557911962e-002
 390    7.312499880791e-001  3.383521853015e-002
 391    7.331249713898e-001  3.383453512564e-002
 392    7.350000143051e-001  3.383352668956e-002
 393    7.368749976158e-001  3.383219983429e-002
 394    7.387499809265e-001  3.383054194972e-002
 395    7.406250238419e-001  3.382853081450e-002
 396    7.425000071526e-001  3.382614823058e-002
 397    7.443749904633e-001  3.382335089147e-002
 398    7.462499737740e-001  3.382010618225e-002
 399    7.481250166893e-001  3.381635451689e-002
 400    7.500000000000e-001  3.381203312427e-002
 401    7.518749833107e-001  3.380708349869e-002
 402    7.537500262260e-001  3.380142256618e-002
 403    7.556250095367e-001  3.379496671259e-002
 404    7.574999928474e-001  3.378762193024e-002
 405    7.593749761581e-001  3.377929793671e-002
 406    7.612500190735e-001  3.376989243552e-002
 407    7.631250023842e-001  3.375929856673e-002
 408    7.649999856949e-001  3.374740976840e-002
 409    7.668750286102e-001  3.373412290588e-002
 410    7.687500119209e-001  3.371933568269e-002
 411    7.706249952316e-001  3.370294976979e-002
 412    7.724999785423e-001  3.368487566710e-002
 413    7.743750214577e-001  3.366503186524e-002
 414    7.762500047684e-001  3.364334808663e-002
 415    7.781249880791e-001  3.361976685002e-002
 416    7.799999713898e-001  3.359425259754e-002
 417    7.818750143051e-001  3.356677908450e-002
 418    7.837499976158e-001  3.353734144941e-002
 419    7.856249809265e-001  3.350595645607e-002
 420    7.875000238419e-001  3.347265822813e-002
 421    7.893750071526e-001  3.343749770895e-002
 422    7.912499904633e-001  3.340055443347e-002
 423    7.931249737740e-001  3.336191112176e-002
 424    7.950000166893e-001  3.332168094814e-002
 425    7.968750000000e-001  3.327998429537e-002
 426    7.987499833107e-001  3.323695356026e-002
 427    8.006250262260e-001  3.319273609668e-002
 428    8.025000095367e-001  3.314748352394e-002
 429    8.043749928474e-001  3.310135040432e-002
 430    8.062499761581e-001  3.305449634790e-002
 431    8.081250190735e-001  3.300708180293e-002
 432    8.100000023842e-001  3.295925863087e-002
 433    8.118749856949e-001  3.291117442772e-002
 434    8.137500286102e-001  3.286297600716e-002
 435    8.156250119209e-001  3.281479438767e-002
 436    8.174999952316e-001  3.276675740257e-002
 437    8.193749785423e-001  3.271897234023e-002
 438    8.212500214577e-001  3.267154619098e-002
 439    8.231250047684e-001  3.262456648052e-002
 440    8.249999880791e-001  3.257811538875e-002
 441    8.268749713898e-001  3.253226416185e-002
 442    8.287500143051e-001  3.248707016930e-002
 443    8.306249976158e-001  3.244258573279e-002
 444    8.324999809265e-001  3.239885596558e-002
 445    8.343750238419e-001  3.235591264442e-002
 446    8.362500071526e-001  3.231378706172e-002
 447    8.381249904633e-001  3.227249873802e-002
 448    8.399999737740e-001  3.223206592724e-002
 449    8.418750166893e-001  3.219249859452e-002
 450    8.437500000000e-001  3.215379685163e-002
 451    8.456249833107e-001  3.211596032605e-002
 452    8.475000262260e-001  3.207897741348e-002
 453    8.493750095367e-001  3.204282989725e-002
 454    8.512499928474e-001  3.200748376548e-002
 455    8.531249761581e-001  3.197290536016e-002
 456    8.550000190735e-001  3.193903453648e-002
 457    8.568750023842e-001  3.190580880269e-002
 458    8.587499856949e-001  3.187314536422e-002
 459    8.606250286102e-001  3.184094808996e-002
 460    8.625000119209e-001  3.180909868330e-002
 461    8.643749952316e-001  3.177746683359e-002
 462    8.662499785423e-001  3.174590757117e-002
 463    8.681250214577e-001  3.171424997970e-002
 464    8.700000047684e-001  3.168231064454e-002
 465    8.718749880791e-001  3.164989089593e-002
 466    8.737499713898e-001  3.161677338183e-002
 467    8.756250143051e-001  3.158273780718e-002
 468    8.774999976158e-001  3.154753690585e-002
 469    8.793749809265e-001  3.151092395186e-002
 470    8.812500238419e-001  3.147264501080e-002
 471    8.831250071526e-001  3.143244560808e-002
 472    8.849999904633e-001  3.139005631208e-002
 473    8.868749737740e-001  3.134521892294e-002
 474    8.887500166893e-001  3.129768323153e-002
 475    8.906250000000e-001  3.124718917534e-002
 476    8.924999833107e-001  3.119350162335e-002
 477    8.943750262260e-001  3.113638682291e-002
 478    8.962500095367e-001  3.107562273741e-002
 479    8.981249928474e-001  3.101100616157e-002
 480    8.999999761581e-001  3.094234217890e-002
 481    9.018750190735e-001  3.086945948191e-002
 482    9.037500023842e-001  3.079219664447e-002
 483    9.056249856949e-001  3.071041251533e-002
 484    9.075000286102e-001  3.062398291193e-002
 485    9.093750119209e-001  3.053279843181e-002
 486    9.112499952316e-001  3.043676889502e-002
 487    9.131249785423e-001  3.033581959084e-002
 488    9.150000214577e-001  3.022988860495e-002
 489    9.168750047684e-001  3.011893228628e-002
 490    9.187499880791e-001  3.000291857868e-002
 491    9.206249713898e-001  2.988183089532e-002
 492    9.225000143051e-001  2.975565995090e-002
 493    9.243749976158e-001  2.962441487238e-002
 494    9.262499809265e-001  2.948810941540e-002
 495    9.281250238419e-001  2.934677013196e-002
 496    9.300000071526e-001  2.920043543912e-002
 497    9.318749904633e-001  2.904914877377e-002
 498    9.337499737740e-001  2.889296531677e-002
 499    9.356250166893e-001  2.873194688931e-002
 500    9.375000000000e-001  2.856616609730e-002
 501    9.393749833107e-001  2.839570140466e-002
 502    9.412500262260e-001  2.822064019740e-002
 503    9.431250095367e-001  2.804108025506e-002
 504    9.449999928474e-001  2.785712413490e-002
 505    9.468749761581e-001  2.766888640821e-002
 506    9.487500190735e-001  2.747648723423e-002
 507    9.506250023842e-001  2.728005836718e-002
 508    9.524999856949e-001  2.707973609678e-002
 509    9.543750286102e-001  2.687566830777e-002
 510    9.562500119209e-001  2.666800796054e-002
 511    9.581249952316e-001  2.645691801794e-002
 512    9.599999785423e-001  2.624256904237e-002
 513    9.618750214577e-001  2.602513826452e-002
 514    9.637500047684e-001  2.580480865203e-002
 515    9.656249880791e-001  2.558177065104e-002
 516    9.674999713898e-001  2.535621882416e-002
 517    9.693750143051e-001  2.512835361995e-002
 518    9.712499976158e-001  2.489837921225e-002
 519    9.731249809265e-001  2.466650163755e-002
 520    9.750000238419e-001  2.443293053657e-002
 521    9.768750071526e-001  2.419787648134e-002
 522    9.787499904633e-001  2.396155016497e-002
 523    9.806249737740e-001  2.372416134924e-002
 524    9.825000166893e-001  2.348592111841e-002
 525    9.843750000000e-001  2.324703388847e-002
 526    9.862499833107e-001  2.300770338625e-002
 527    9.881250262260e-001  2.276812841184e-002
 528    9.900000095367e-001  2.252850401215e-002
 529    9.918749928474e-001  2.228901562281e-002
 530    9.937499761581e-001  2.204984627664e-002
 531    9.956250190735e-001  2.181117005646e-002
 532    9.975000023842e-001  2.157315089367e-002
 533    9.993749856949e-001  2.133594539016e-002
 534    1.001250028610e+000  2.109969957732e-002
 535    1.003124952316e+000  2.086455323733e-002
 536    1.004999995232e+000  2.063063224778e-002
 537    1.006875038147e+000  2.039805302396e-002
 538    1.008749961853e+000  2.016692303121e-002
 539    1.010625004768e+000  1.993734039366e-002
 540    1.012500047684e+000  1.970939002000e-002
 541    1.014374971390e+000  1.948315015063e-002
 542    1.016250014305e+000  1.925869088620e-002
 543    1.018125057220e+000  1.903607698157e-002
 544    1.019999980927e+000  1.881536213681e-002
 545    1.021875023842e+000  1.859659897164e-002
 546    1.023749947548e+000  1.837983544916e-002
 547    1.025624990463e+000  1.816511739977e-002
 548    1.027500033379e+000  1.795248960145e-002
 549    1.029374957085e+000  1.774200043641e-002
 550    1.031250000000e+000  1.753369897604e-002
 551    1.033125042915e+000  1.732763789594e-002
 552    1.034999966621e+000  1.712387656793e-002
 553    1.036875009537e+000  1.692248024978e-002
 554    1.038750052452e+000  1.672352155671e-002
 555    1.040624976158e+000  1.652708031237e-002
 556    1.042500019073e+000  1.633324318565e-002
 557    1.044374942780e+000  1.614210846834e-002
 558    1.046249985695e+000  1.595377658494e-002
 559    1.048125028610e+000  1.576836108230e-002
 560    1.049999952316e+000  1.558597457595e-002
 561    1.051874995232e+000  1.540673649870e-002
 562    1.053750038147e+000  1.523077243939e-002
 563    1.055624961853e+000  1.505820353981e-002
 564    1.057500004768e+000  1.488915286493e-002
 565    1.059375047684e+000  1.472374230623e-002
 566    1.061249971390e+000  1.456208714750e-002
 567    1.063125014305e+000  1.440429714508e-002
 568    1.065000057220e+000  1.425047484692e-002
 569    1.066874980927e+000  1.410071246792e-002
 570    1.068750023842e+000  1.395509381313e-002
 571    1.070624947548e+000  1.381368875038e-002
 572    1.072499990463e+000  1.367655606475e-002
 573    1.074375033379e+000  1.354374225717e-002
 574    1.076249957085e+000  1.341528124176e-002
 575    1.078125000000e+000  1.329119289294e-002
 576    1.080000042915e+000  1.317148542963e-002
 577    1.081874966621e+000  1.305615612306e-002
 578    1.083750009537e+000  1.294518829323e-002
 579    1.085625052452e+000  1.283855686430e-002
 580    1.087499976158e+000  1.273622801993e-002
 581    1.089375019073e+000  1.263815426268e-002
 582    1.091249942780e+000  1.254428603686e-002
 583    1.093124985695e+000  1.245456324425e-002
 584    1.095000028610e+000  1.236892078537e-002
 585    1.096874952316e+000  1.228728869464e-002
 586    1.098749995232e+000  1.220959440805e-002
 587    1.100625038147e+000  1.213575929403e-002
 588    1.102499961853e+000  1.206570485607e-002
 589    1.104375004768e+000  1.199934939854e-002
 590    1.106250047684e+000  1.193661250174e-002
 591    1.108124971390e+000  1.187741401605e-002
 592    1.110000014305e+000  1.182167425752e-002
 593    1.111875057220e+000  1.176931655966e-002
 594    1.113749980927e+000  1.172026725952e-002
 595    1.115625023842e+000  1.167445817497e-002
 596    1.117499947548e+000  1.163182480261e-002
 597    1.119374990463e+000  1.159231098834e-002
 598    1.121250033379e+000  1.155586332548e-002
 599    1.123124957085e+000  1.152243929449e-002
 600    1.125000000000e+000  1.149200359825e-002
 601    1.126875042915e+000  1.146452775691e-002
 602    1.128749966621e+000  1.143999218009e-002
 603    1.130625009537e+000  1.141838456038e-002
 604    1.132500052452e+000  1.139969934709e-002
 605    1.134374976158e+000  1.138393954840e-002
 606    1.136250019073e+000  1.137111057527e-002
 607    1.138124942780e+000  1.136122513562e-002
 608    1.139999985695e+000  1.135429653805e-002
 609    1.141875028610e+000  1.135034089908e-002
 610    1.143749952316e+000  1.134937388357e-002
 611    1.145624995232e+000  1.135140867904e-002
 612    1.147500038147e+000  1.135645674542e-002
 613    1.149374961853e+000  1.136452179402e-002
 614    1.151250004768e+000  1.137560346629e-002
 615    1.153125047684e+000  1.138969419524e-002
 616    1.154999971390e+000  1.140677738935e-002
 617    1.156875014305e+000  1.142682791222e-002
 618    1.158750057220e+000  1.144981134683e-002
 619    1.160624980927e+000  1.147568465676e-002
 620    1.162500023842e+000  1.150439572055e-002
 621    1.164374947548e+000  1.153588280547e-002
 622    1.166249990463e+000  1.157007842790e-002
 623    1.168125033379e+000  1.160690743010e-002
 624    1.169999957085e+000  1.164628810715e-002
 625    1.171875000000e+000  1.168813514989e-002
 626    1.173750042915e+000  1.173235904425e-002
 627    1.175624966621e+000  1.177886754274e-002
 628    1.177500009537e+000  1.182756586000e-002
 629    1.179375052452e+000  1.187836035155e-002
 630    1.181249976158e+000  1.193115677219e-002
 631    1.183125019073e+000  1.198585961480e-002
 632    1.184999942780e+000  1.204237684142e-002
 633    1.186874985695e+000  1.210061695427e-002
 634    1.188750028610e+000  1.216048992705e-002
 635    1.190624952316e+000  1.222190773115e-002
 636    1.192499995232e+000  1.228478561155e-002
 637    1.194375038147e+000  1.234903927892e-002
 638    1.196249961853e+000  1.241458810866e-002
 639    1.198125004768e+000  1.248135341331e-002
 640    1.200000047684e+000  1.254926036578e-002
 641    1.201874971390e+000  1.261823540088e-002
 642    1.203750014305e+000  1.268821082544e-002
 643    1.205625057220e+000  1.275912207086e-002
 644    1.207499980927e+000  1.283090856392e-002
 645    1.209375023842e+000  1.290351754054e-002
 646    1.211249947548e+000  1.297689909115e-002
 647    1.213124990463e+000  1.305101231672e-002
 648    1.215000033379e+000  1.312582244631e-002
 649    1.216874957085e+000  1.320130191743e-002
 650    1.218750000000e+000  1.327743417583e-002
 651    1.220625042915e+000  1.335420600139e-002
 652    1.222499966621e+000  1.343161711935e-002
 653    1.224375009537e+000  1.350967186503e-002
 654    1.226250052452e+000  1.358838471118e-002
 655    1.228124976158e+000  1.366777642164e-002
 656    1.230000019073e+000  1.374787321314e-002
 657    1.231874942780e+000  1.382870766800e-002
 658    1.233749985695e+000  1.391031576321e-002
 659    1.235625028610e+000  1.399273674935e-002
 660    1.237499952316e+000  1.407601329964e-002
 661    1.239374995232e+000  1.416018466465e-002
 662    1.241250038147e+000  1.424529264681e-002
 663    1.243124961853e+000  1.433137571439e-002
 664    1.245000004768e+000  1.441846840084e-002
 665    1.246875047684e+000  1.450660196599e-002
 666    1.248749971390e+000  1.459580073133e-002
 667    1.250625014305e+000  1.468608481344e-002
 668    1.252500057220e+000  1.477746732999e-002
 669    1.254374980927e+000  1.486995310988e-002
 670    1.256250023842e+000  1.496354091447e-002
 671    1.258124947548e+000  1.505822169594e-002
 672    1.259999990463e+000  1.515398073010e-002
 673    1.261875033379e+000  1.525079308078e-002
 674    1.263749957085e+000  1.534863053821e-002
 675    1.265625000000e+000  1.544745822437e-002
 676    1.267500042915e+000  1.554723204114e-002
 677    1.269374966621e+000  1.564790668897e-002
 678    1.271250009537e+000  1.574943140149e-002
 679    1.273125052452e+000  1.585175099783e-002
 680    1.274999976158e+000  1.595480308868e-002
 681    1.276875019073e+000  1.605852888897e-002
 682    1.278749942780e+000  1.616286147386e-002
 683    1.280624985695e+000  1.626773511991e-002
 684    1.282500028610e+000  1.637308008038e-002
 685    1.284374952316e+000  1.647882729769e-002
 686    1.286249995232e+000  1.658490636386e-002
 687    1.288125038147e+000  1.669124593958e-002
 688    1.289999961853e+000  1.679777588695e-002
 689    1.291875004768e+000  1.690442459658e-002
 690    1.293750047684e+000  1.701112286188e-002
 691    1.295624971390e+000  1.711780147627e-002
 692    1.297500014305e+000  1.722439402714e-002
 693    1.299375057220e+000  1.733083584346e-002
 694    1.301249980927e+000  1.743706171401e-002
 695    1.303125023842e+000  1.754301270470e-002
 696    1.304999947548e+000  1.764863027260e-002
 697    1.306874990463e+000  1.775386188179e-002
 698    1.308750033379e+000  1.785865472630e-002
 699    1.310624957085e+000  1.796296173707e-002
 700    1.312500000000e+000  1.806674104184e-002
 701    1.314375042915e+000  1.816995410249e-002
 702    1.316249966621e+000  1.827256958932e-002
 703    1.318125009537e+000  1.837455308065e-002
 704    1.320000052452e+000  1.847588484176e-002
 705    1.321874976158e+000  1.857654700056e-002
 706    1.323750019073e+000  1.867652099580e-002
 707    1.325624942780e+000  1.877580535598e-002
 708    1.327499985695e+000  1.887439365499e-002
 709    1.329375028610e+000  1.897228772752e-002
 710    1.331249952316e+000  1.906949995086e-002
 711    1.333124995232e+000  1.916604201309e-002
 712    1.335000038147e+000  1.926193548366e-002
 713    1.336874961853e+000  1.935720697977e-002
 714    1.338750004768e+000  1.945188711397e-002
 715    1.340625047684e+000  1.954601397738e-002
 716    1.342499971390e+000  1.963963191025e-002
 717    1.344375014305e+000  1.973279005848e-002
 718    1.346250057220e+000  1.982554489747e-002
 719    1.348124980927e+000  1.991795957088e-002
 720    1.350000023842e+000  2.001009815373e-002
 721    1.351874947548e+000  2.010203832760e-002
 722    1.353749990463e+000  2.019385603257e-002
 723    1.355625033379e+000  2.028563883156e-002
 724    1.357499957085e+000  2.037747533992e-002
 725    1.359375000000e+000  2.046946165152e-002
 726    1.361250042915e+000  2.056169599295e-002
 727    1.363124966621e+000  2.065428647213e-002
 728    1.365000009537e+000  2.074733612128e-002
 729    1.366875052452e+000  2.084095998667e-002
 730    1.368749976158e+000  2.093526884913e-002
 731    1.370625019073e+000  2.103038135916e-002
 732    1.372499942780e+000  2.112641337328e-002
 733    1.374374985695e+000  2.122348408215e-002
 734    1.376250028610e+000  2.132170907222e-002
 735    1.378124952316e+000  2.142120594159e-002
 736    1.379999995232e+000  2.152209162712e-002
 737    1.381875038147e+000  2.162447504699e-002
 738    1.383749961853e+000  2.172846860252e-002
 739    1.385625004768e+000  2.183417709544e-002
 740    1.387500047684e+000  2.194170118310e-002
 741    1.389374971390e+000  2.205113380216e-002
 742    1.391250014305e+000  2.216256440617e-002
 743    1.393125057220e+000  2.227607352659e-002
 744    1.394999980927e+000  2.239173836075e-002
 745    1.396875023842e+000  2.250962222926e-002
 746    1.398749947548e+000  2.262978244573e-002
 747    1.400624990463e+000  2.275226794183e-002
 748    1.402500033379e+000  2.287711641751e-002
 749    1.404374957085e+000  2.300436013378e-002
 750    1.406250000000e+000  2.313401558436e-002
 751    1.408125042915e+000  2.326609421521e-002
 752    1.409999966621e+000  2.340059464797e-002
 753    1.411875009537e+000  2.353750925511e-002
 754    1.413750052452e+000  2.367682025768e-002
 755    1.415624976158e+000  2.381850254722e-002
 756    1.417500019073e+000  2.396252167411e-002
 757    1.419374942780e+000  2.410883892328e-002
 758    1.421249985695e+000  2.425740545616e-002
 759    1.423125028610e+000  2.440817255527e-002
 760    1.424999952316e+000  2.456108591519e-002
 761    1.426874995232e+000  2.471609137952e-002
 762    1.428750038147e+000  2.487312998623e-002
 763    1.430624961853e+000  2.503214265220e-002
 764    1.432500004768e+000  2.519307738170e-002
 765    1.434375047684e+000  2.535587605089e-002
 766    1.436249971390e+000  2.552048735321e-002
 767    1.438125014305e+000  2.568686373532e-002
 768    1.440000057220e+000  2.585496139713e-002
 769    1.441874980927e+000  2.602473653853e-002
 770    1.443750023842e+000  2.619615352713e-002
 771    1.445624947548e+000  2.636917754076e-002
 772    1.447499990463e+000  2.654377375729e-002
 773    1.449375033379e+000  2.671991579235e-002
 774    1.451249957085e+000  2.689756978303e-002
 775    1.453125000000e+000  2.707670601085e-002
 776    1.455000042915e+000  2.725729343481e-002
 777    1.456874966621e+000  2.743929287419e-002
 778    1.458750009537e+000  2.762266742997e-002
 779    1.460625052452e+000  2.780736831017e-002
 780    1.462499976158e+000  2.799334714189e-002
 781    1.464375019073e+000  2.818054059520e-002
 782    1.466249942780e+000  2.836888320744e-002
 783    1.468124985695e+000  2.855829590932e-002
 784    1.470000028610e+000  2.874869734980e-002
 785    1.471874952316e+000  2.893999191001e-002
 786    1.473749995232e+000  2.913207928650e-002
 787    1.475625038147e+000  2.932485145517e-002
 788    1.477499961853e+000  2.951819423586e-002
 789    1.479375004768e+000  2.971198759042e-002
 790    1.481250047684e+000  2.990610640496e-002
 791    1.483124971390e+000  3.010042769834e-002
 792    1.485000014305e+000  3.029482037760e-002
 793    1.486875057220e+000  3.048915785737e-002
 794    1.488749980927e+000  3.068331451155e-002
 795    1.490625023842e+000  3.087716525421e-002
 796    1.492499947548e+000  3.107058512047e-002
 797    1.494374990463e+000  3.126346103847e-002
 798    1.496250033379e+000  3.145567927510e-002
 799    1.498124957085e+000  3.164712850004e-002
 800    1.500000000000e+000  3.183770777658e-002
