 0    0.000000000000e+000  0.000000000000e+000
 1    1.874999958090e-003  1.722186812003e-006
 2    3.749999916181e-003  6.558989225596e-006
 3    5.625000223517e-003  1.407988690517e-005
 4    7.499999832362e-003  2.390111333625e-005
 5    9.375000372529e-003  3.568091711713e-005
 6    1.125000044703e-002  4.911531434118e-005
 7    1.312499959022e-002  6.393427534931e-005
 8    1.499999966472e-002  7.989828805876e-005
 9    1.687500067055e-002  9.679525082902e-005
 10    1.875000074506e-002  1.144376515731e-004
 11    2.062500081956e-002  1.326599893218e-004
 12    2.250000089407e-002  1.513164270727e-004
 13    2.437499910593e-002  1.702786361420e-004
 14    2.624999918044e-002  1.894338297279e-004
 15    2.812499925494e-002  2.086830041662e-004
 16    2.999999932945e-002  2.279392477067e-004
 17    3.187499940395e-002  2.471263294865e-004
 18    3.375000134110e-002  2.661773549335e-004
 19    3.562499955297e-002  2.850337595737e-004
 20    3.750000149012e-002  3.036441651057e-004
 21    3.937499970198e-002  3.219638338487e-004
 22    4.125000163913e-002  3.399537956284e-004
 23    4.312499985099e-002  3.575805354922e-004
 24    4.500000178814e-002  3.748156124493e-004
 25    4.687500000000e-002  3.916355081310e-004
 26    4.874999821186e-002  4.080213722773e-004
 27    5.062500014901e-002  4.239590647921e-004
 28    5.249999836087e-002  4.394391977985e-004
 29    5.437500029802e-002  4.544569829886e-004
 30    5.624999850988e-002  4.690122356988e-004
 31    5.812500044703e-002  4.831092926906e-004
 32    5.999999865890e-002  4.967566943378e-004
 33    6.187500059605e-002  5.099669020274e-004
 34    6.374999880791e-002  5.227556571481e-004
 35    6.562499701977e-002  5.351417552447e-004
 36    6.750000268221e-002  5.471456007217e-004
 37    6.937500089407e-002  5.587888942682e-004
 38    7.124999910593e-002  5.700931837782e-004
 39    7.312499731779e-002  5.810790244141e-004
 40    7.500000298023e-002  5.917646505986e-004
 41    7.687500119209e-002  6.021650525508e-004
 42    7.874999940395e-002  6.122908022371e-004
 43    8.062499761581e-002  6.221472969628e-004
 44    8.250000327826e-002  6.317339991801e-004
 45    8.437500149012e-002  6.410440639593e-004
 46    8.624999970198e-002  6.500642930041e-004
 47    8.812499791384e-002  6.587753936765e-004
 48    9.000000357628e-002  6.671525008278e-004
 49    9.187500178814e-002  6.751663761679e-004
 50    9.375000000000e-002  6.827846236411e-004
 51    9.562499821186e-002  6.899735119077e-004
 52    9.749999642372e-002  6.966999292490e-004
 53    9.937500208616e-002  7.029336490086e-004
 54    1.012500002980e-001  7.086496861302e-004
 55    1.031249985099e-001  7.138305250555e-004
 56    1.049999967217e-001  7.184686648543e-004
 57    1.068750023842e-001  7.225683375145e-004
 58    1.087500005960e-001  7.261477602879e-004
 59    1.106249988079e-001  7.292398018762e-004
 60    1.124999970198e-001  7.318932990893e-004
 61    1.143750026822e-001  7.341728362371e-004
 62    1.162500008941e-001  7.361583499005e-004
 63    1.181249991059e-001  7.379435625626e-004
 64    1.199999973178e-001  7.396341534331e-004
 65    1.218750029802e-001  7.413448678562e-004
 66    1.237500011921e-001  7.431958205416e-004
 67    1.256249994040e-001  7.453086430905e-004
 68    1.274999976158e-001  7.478018046822e-004
 69    1.293749958277e-001  7.507858445751e-004
 70    1.312499940395e-001  7.543581156642e-004
 71    1.331250071526e-001  7.585982253659e-004
 72    1.350000053644e-001  7.635628993739e-004
 73    1.368750035763e-001  7.692821076489e-004
 74    1.387500017881e-001  7.757552523981e-004
 75    1.406250000000e-001  7.829487300478e-004
 76    1.424999982119e-001  7.907940083533e-004
 77    1.443749964237e-001  7.991874689469e-004
 78    1.462499946356e-001  8.079908907530e-004
 79    1.481249928474e-001  8.170338245691e-004
 80    1.500000059605e-001  8.261169679463e-004
 81    1.518750041723e-001  8.350169422920e-004
 82    1.537500023842e-001  8.434923706227e-004
 83    1.556250005960e-001  8.512906741817e-004
 84    1.574999988079e-001  8.581564101041e-004
 85    1.593749970198e-001  8.638393518049e-004
 86    1.612499952316e-001  8.681036965572e-004
 87    1.631249934435e-001  8.707369351760e-004
 88    1.650000065565e-001  8.715585395112e-004
 89    1.668750047684e-001  8.704281385872e-004
 90    1.687500029802e-001  8.672528903116e-004
 91    1.706250011921e-001  8.619933741284e-004
 92    1.724999994040e-001  8.546684437897e-004
 93    1.743749976158e-001  8.453582745278e-004
 94    1.762499958277e-001  8.342053359956e-004
 95    1.781249940395e-001  8.214138675248e-004
 96    1.800000071526e-001  8.072470783372e-004
 97    1.818750053644e-001  7.920223160181e-004
 98    1.837500035763e-001  7.761047192616e-004
 99    1.856250017881e-001  7.598987186793e-004
 100    1.875000000000e-001  7.438381627435e-004
 101    1.893749982119e-001  7.283754038508e-004
 102    1.912499964237e-001  7.139690170879e-004
 103    1.931249946356e-001  7.010715198703e-004
 104    1.949999928474e-001  6.901163840666e-004
 105    1.968750059605e-001  6.815054919571e-004
 106    1.987500041723e-001  6.755971835810e-004
 107    2.006250023842e-001  6.726953410544e-004
 108    2.025000005960e-001  6.730396460625e-004
 109    2.043749988079e-001  6.767974872491e-004
 110    2.062499970198e-001  6.840581144206e-004
 111    2.081249952316e-001  6.948281722725e-004
 112    2.099999934435e-001  7.090304448502e-004
 113    2.118750065565e-001  7.265038124751e-004
 114    2.137500047684e-001  7.470063123037e-004
 115    2.156250029802e-001  7.702200947097e-004
 116    2.175000011921e-001  7.957581215305e-004
 117    2.193749994040e-001  8.231732339482e-004
 118    2.212499976158e-001  8.519683213672e-004
 119    2.231249958277e-001  8.816076445510e-004
 120    2.249999940395e-001  9.115294154617e-004
 121    2.268750071526e-001  9.411586521310e-004
 122    2.287500053644e-001  9.699198260205e-004
 123    2.306250035763e-001  9.972498792922e-004
 124    2.325000017881e-001  1.022609901847e-003
 125    2.343750000000e-001  1.045496453589e-003
 126    2.362499982119e-001  1.065451343893e-003
 127    2.381249964237e-001  1.082069879340e-003
 128    2.399999946356e-001  1.095007522672e-003
 129    2.418749928474e-001  1.103985382360e-003
 130    2.437500059605e-001  1.108792732703e-003
 131    2.456250041723e-001  1.109288639564e-003
 132    2.475000023842e-001  1.105401389068e-003
 133    2.493750005960e-001  1.097127221874e-003
 134    2.512499988079e-001  1.084525853803e-003
 135    2.531250119209e-001  1.067716786929e-003
 136    2.549999952316e-001  1.046873285377e-003
 137    2.568750083447e-001  1.022216289421e-003
 138    2.587499916553e-001  9.940075399936e-004
 139    2.606250047684e-001  9.625427296851e-004
 140    2.624999880791e-001  9.281447858666e-004
 141    2.643750011921e-001  8.911572373472e-004
 142    2.662500143051e-001  8.519382670056e-004
 143    2.681249976158e-001  8.108553904458e-004
 144    2.700000107288e-001  7.682808721438e-004
 145    2.718749940395e-001  7.245879975380e-004
 146    2.737500071526e-001  6.801483483287e-004
 147    2.756249904633e-001  6.353299430339e-004
 148    2.775000035763e-001  5.904960964108e-004
 149    2.793749868870e-001  5.460051656701e-004
 150    2.812500000000e-001  5.022106374963e-004
 151    2.831250131130e-001  4.594622246805e-004
 152    2.849999964237e-001  4.181068268372e-004
 153    2.868750095367e-001  3.784898354206e-004
 154    2.887499928474e-001  3.409564378671e-004
 155    2.906250059605e-001  3.058530155977e-004
 156    2.924999892712e-001  2.735277236206e-004
 157    2.943750023842e-001  2.443312972900e-004
 158    2.962499856949e-001  2.186172133952e-004
 159    2.981249988079e-001  1.967410741781e-004
 160    3.000000119209e-001  1.790598731895e-004
 161    3.018749952316e-001  1.659304520581e-004
 162    3.037500083447e-001  1.577076983813e-004
 163    3.056249916553e-001  1.547421466967e-004
 164    3.075000047684e-001  1.573774199642e-004
 165    3.093749880791e-001  1.659474457847e-004
 166    3.112500011921e-001  1.807733310852e-004
 167    3.131250143051e-001  2.021609406802e-004
 168    3.149999976158e-001  2.303976405528e-004
 169    3.168750107288e-001  2.657503701630e-004
 170    3.187499940395e-001  3.084632547689e-004
 171    3.206250071526e-001  3.587563685142e-004
 172    3.224999904633e-001  4.168243997265e-004
 173    3.243750035763e-001  4.828364989953e-004
 174    3.262499868870e-001  5.569361176458e-004
 175    3.281250000000e-001  6.392419687472e-004
 176    3.300000131130e-001  7.298489805544e-004
 177    3.318749964237e-001  8.288300986169e-004
 178    3.337500095367e-001  9.362384327687e-004
 179    3.356249928474e-001  1.052109355805e-003
 180    3.375000059605e-001  1.176462744479e-003
 181    3.393749892712e-001  1.309306061594e-003
 182    3.412500023842e-001  1.450635970104e-003
 183    3.431249856949e-001  1.600440972252e-003
 184    3.449999988079e-001  1.758702907246e-003
 185    3.468750119209e-001  1.925398696912e-003
 186    3.487499952316e-001  2.100500612287e-003
 187    3.506250083447e-001  2.283977482002e-003
 188    3.524999916553e-001  2.475793517660e-003
 189    3.543750047684e-001  2.675908970414e-003
 190    3.562499880791e-001  2.884277022677e-003
 191    3.581250011921e-001  3.100843502907e-003
 192    3.600000143051e-001  3.325544385007e-003
 193    3.618749976158e-001  3.558303175960e-003
 194    3.637500107288e-001  3.799027912319e-003
 195    3.656249940395e-001  4.047609260306e-003
 196    3.675000071526e-001  4.303916897625e-003
 197    3.693749904633e-001  4.567797267810e-003
 198    3.712500035763e-001  4.839071568567e-003
 199    3.731249868870e-001  5.117532748263e-003
 200    3.750000000000e-001  5.402945235837e-003
 201    3.768750131130e-001  5.695042973384e-003
 202    3.787499964237e-001  5.993528973777e-003
 203    3.806250095367e-001  6.298076394014e-003
 204    3.824999928474e-001  6.608327266295e-003
 205    3.843750059605e-001  6.923895794898e-003
 206    3.862499892712e-001  7.244369466789e-003
 207    3.881250023842e-001  7.569310748950e-003
 208    3.899999856949e-001  7.898262059316e-003
 209    3.918749988079e-001  8.230744069442e-003
 210    3.937500119209e-001  8.566266982816e-003
 211    3.956249952316e-001  8.904325459152e-003
 212    3.975000083447e-001  9.244410432875e-003
 213    3.993749916553e-001  9.586007506587e-003
 214    4.012500047684e-001  9.928602492437e-003
 215    4.031249880791e-001  1.027168641333e-002
 216    4.050000011921e-001  1.061475736555e-002
 217    4.068750143051e-001  1.095732433256e-002
 218    4.087499976158e-001  1.129891110584e-002
 219    4.106250107288e-001  1.163905955851e-002
 220    4.124999940395e-001  1.197732904460e-002
 221    4.143750071526e-001  1.231330438983e-002
 222    4.162499904633e-001  1.264659276698e-002
 223    4.181250035763e-001  1.297682908829e-002
 224    4.199999868870e-001  1.330367587041e-002
 225    4.218750000000e-001  1.362682703417e-002
 226    4.237500131130e-001  1.394600476604e-002
 227    4.256249964237e-001  1.426096732728e-002
 228    4.275000095367e-001  1.457150490955e-002
 229    4.293749928474e-001  1.487744323909e-002
 230    4.312500059605e-001  1.517864224035e-002
 231    4.331249892712e-001  1.547500165179e-002
 232    4.350000023842e-001  1.576645407360e-002
 233    4.368749856949e-001  1.605297164991e-002
 234    4.387499988079e-001  1.633456434123e-002
 235    4.406250119209e-001  1.661127711646e-002
 236    4.424999952316e-001  1.688319656067e-002
 237    4.443750083447e-001  1.715043968521e-002
 238    4.462499916553e-001  1.741315978579e-002
 239    4.481250047684e-001  1.767154605128e-002
 240    4.499999880791e-001  1.792581569403e-002
 241    4.518750011921e-001  1.817621716298e-002
 242    4.537500143051e-001  1.842302185483e-002
 243    4.556249976158e-001  1.866652213037e-002
 244    4.575000107288e-001  1.890703224577e-002
 245    4.593749940395e-001  1.914487820119e-002
 246    4.612500071526e-001  1.938039428554e-002
 247    4.631249904633e-001  1.961392319761e-002
 248    4.650000035763e-001  1.984580270946e-002
 249    4.668749868870e-001  2.007636765018e-002
 250    4.687500000000e-001  2.030594404787e-002
 251    4.706250131130e-001  2.053483843803e-002
 252    4.724999964237e-001  2.076334374957e-002
 253    4.743750095367e-001  2.099172485992e-002
 254    4.762499928474e-001  2.122022075579e-002
 255    4.781250059605e-001  2.144903903827e-002
 256    4.799999892712e-001  2.167835967615e-002
 257    4.818750023842e-001  2.190832203254e-002
 258    4.837499856949e-001  2.213903035969e-002
 259    4.856249988079e-001  2.237055818550e-002
 260    4.875000119209e-001  2.260293377563e-002
 261    4.893749952316e-001  2.283616401255e-002
 262    4.912500083447e-001  2.307021345943e-002
 263    4.931249916553e-001  2.330502076074e-002
 264    4.950000047684e-001  2.354049758986e-002
 265    4.968749880791e-001  2.377653531730e-002
 266    4.987500011921e-001  2.401300194673e-002
 267    5.006250143051e-001  2.424975653179e-002
 268    5.024999976158e-001  2.448664277792e-002
 269    5.043749809265e-001  2.472350439057e-002
 270    5.062500238419e-001  2.496018402278e-002
 271    5.081250071526e-001  2.519652459770e-002
 272    5.099999904633e-001  2.543237906881e-002
 273    5.118749737740e-001  2.566761201248e-002
 274    5.137500166893e-001  2.590210380033e-002
 275    5.156250000000e-001  2.613574627787e-002
 276    5.174999833107e-001  2.636845483445e-002
 277    5.193750262260e-001  2.660016356967e-002
 278    5.212500095367e-001  2.683082382195e-002
 279    5.231249928474e-001  2.706040939316e-002
 280    5.249999761581e-001  2.728891039267e-002
 281    5.268750190735e-001  2.751633284613e-002
 282    5.287500023842e-001  2.774269815534e-002
 283    5.306249856949e-001  2.796803814359e-002
 284    5.325000286102e-001  2.819239066914e-002
 285    5.343750119209e-001  2.841579893604e-002
 286    5.362499952316e-001  2.863830296323e-002
 287    5.381249785423e-001  2.885994102806e-002
 288    5.400000214577e-001  2.908074233681e-002
 289    5.418750047684e-001  2.930072059855e-002
 290    5.437499880791e-001  2.951987816952e-002
 291    5.456249713898e-001  2.973819229752e-002
 292    5.475000143051e-001  2.995562272146e-002
 293    5.493749976158e-001  3.017210353166e-002
 294    5.512499809265e-001  3.038754662499e-002
 295    5.531250238419e-001  3.060183251277e-002
 296    5.550000071526e-001  3.081482164562e-002
 297    5.568749904633e-001  3.102634948678e-002
 298    5.587499737740e-001  3.123622837476e-002
 299    5.606250166893e-001  3.144425527193e-002
 300    5.625000000000e-001  3.165020428598e-002
 301    5.643749833107e-001  3.185385057703e-002
 302    5.662500262260e-001  3.205494819209e-002
 303    5.681250095367e-001  3.225326076150e-002
 304    5.699999928474e-001  3.244855485857e-002
 305    5.718749761581e-001  3.264060186222e-002
 306    5.737500190735e-001  3.282918835059e-002
 307    5.756250023842e-001  3.301412949339e-002
 308    5.774999856949e-001  3.319525139406e-002
 309    5.793750286102e-001  3.337241355330e-002
 310    5.812500119209e-001  3.354552142322e-002
 311    5.831249952316e-001  3.371449301019e-002
 312    5.849999785423e-001  3.387930188328e-002
 313    5.868750214577e-001  3.403994672000e-002
 314    5.887500047684e-001  3.419647028670e-002
 315    5.906249880791e-001  3.434895060956e-002
 316    5.924999713898e-001  3.449749724939e-002
 317    5.943750143051e-001  3.464225556701e-002
 318    5.962499976158e-001  3.478339627385e-002
 319    5.981249809265e-001  3.492111044005e-002
 320    6.000000238419e-001  3.505561418831e-002
 321    6.018750071526e-001  3.518712796271e-002
 322    6.037499904633e-001  3.531588338315e-002
 323    6.056249737740e-001  3.544211717322e-002
 324    6.075000166893e-001  3.556605560705e-002
 325    6.093750000000e-001  3.568791348487e-002
 326    6.112499833107e-001  3.580790104344e-002
 327    6.131250262260e-001  3.592619806528e-002
 328    6.150000095367e-001  3.604296961799e-002
 329    6.168749928474e-001  3.615834899247e-002
 330    6.187499761581e-001  3.627244887874e-002
 331    6.206250190735e-001  3.638534508646e-002
 332    6.225000023842e-001  3.649708939716e-002
 333    6.243749856949e-001  3.660769725218e-002
 334    6.262500286102e-001  3.671717016026e-002
 335    6.281250119209e-001  3.682547094300e-002
 336    6.299999952316e-001  3.693254446611e-002
 337    6.318749785423e-001  3.703831613064e-002
 338    6.337500214577e-001  3.714269127697e-002
 339    6.356250047684e-001  3.724556965753e-002
 340    6.374999880791e-001  3.734683444723e-002
 341    6.393749713898e-001  3.744636401534e-002
 342    6.412500143051e-001  3.754404129460e-002
 343    6.431249976158e-001  3.763974411413e-002
 344    6.449999809265e-001  3.773335594684e-002
 345    6.468750238419e-001  3.782477468252e-002
 346    6.487500071526e-001  3.791389767081e-002
 347    6.506249904633e-001  3.800064364448e-002
 348    6.524999737740e-001  3.808493055403e-002
 349    6.543750166893e-001  3.816670596600e-002
 350    6.562500000000e-001  3.824591293931e-002
 351    6.581249833107e-001  3.832252709195e-002
 352    6.600000262260e-001  3.839652247727e-002
 353    6.618750095367e-001  3.846789153293e-002
 354    6.637499928474e-001  3.853663660586e-002
 355    6.656249761581e-001  3.860277686268e-002
 356    6.675000190735e-001  3.866633519530e-002
 357    6.693750023842e-001  3.872734224424e-002
 358    6.712499856949e-001  3.878584414721e-002
 359    6.731250286102e-001  3.884188542143e-002
 360    6.750000119209e-001  3.889552794397e-002
 361    6.768749952316e-001  3.894682932645e-002
 362    6.787499785423e-001  3.899586105719e-002
 363    6.806250214577e-001  3.904268927872e-002
 364    6.825000047684e-001  3.908739911392e-002
 365    6.843749880791e-001  3.913007460535e-002
 366    6.862499713898e-001  3.917080219835e-002
 367    6.881250143051e-001  3.920966755599e-002
 368    6.899999976158e-001  3.924677502364e-002
 369    6.918749809265e-001  3.928222281858e-002
 370    6.937500238419e-001  3.931611396372e-002
 371    6.956250071526e-001  3.934855094180e-002
 372    6.974999904633e-001  3.937964428216e-002
 373    6.993749737740e-001  3.940950769931e-002
 374    7.012500166893e-001  3.943824235350e-002
 375    7.031250000000e-001  3.946595955640e-002
 376    7.049999833107e-001  3.949276503175e-002
 377    7.068750262260e-001  3.951876474544e-002
 378    7.087500095367e-001  3.954404838383e-002
 379    7.106249928474e-001  3.956871470436e-002
 380    7.124999761581e-001  3.959284510463e-002
 381    7.143750190735e-001  3.961652098224e-002
 382    7.162500023842e-001  3.963980956003e-002
 383    7.181249856949e-001  3.966277247295e-002
 384    7.200000286102e-001  3.968545772135e-002
 385    7.218750119209e-001  3.970790928230e-002
 386    7.237499952316e-001  3.973015671596e-002
 387    7.256249785423e-001  3.975222213194e-002
 388    7.275000214577e-001  3.977411424741e-002
 389    7.293750047684e-001  3.979583859444e-002
 390    7.312499880791e-001  3.981738574803e-002
 391    7.331249713898e-001  3.983873961493e-002
 392    7.350000143051e-001  3.985987635329e-002
 393    7.368749976158e-001  3.988076467067e-002
 394    7.387499809265e-001  3.990135855973e-002
 395    7.406250238419e-001  3.992161765695e-002
 396    7.425000071526e-001  3.994148369879e-002
 397    7.443749904633e-001  3.996089601889e-002
 398    7.462499737740e-001  3.997978355736e-002
 399    7.481250166893e-001  3.999807873741e-002
 400    7.500000000000e-001  4.001569872722e-002
 401    7.518749833107e-001  4.003255672753e-002
 402    7.537500262260e-001  4.004856299609e-002
 403    7.556250095367e-001  4.006362484768e-002
 404    7.574999928474e-001  4.007763944566e-002
 405    7.593749761581e-001  4.009050635621e-002
 406    7.612500190735e-001  4.010212754831e-002
 407    7.631250023842e-001  4.011239832267e-002
 408    7.649999856949e-001  4.012121500447e-002
 409    7.668750286102e-001  4.012848436832e-002
 410    7.687500119209e-001  4.013411451131e-002
 411    7.706249952316e-001  4.013802098110e-002
 412    7.724999785423e-001  4.014013350010e-002
 413    7.743750214577e-001  4.014038629830e-002
 414    7.762500047684e-001  4.013873847201e-002
 415    7.781249880791e-001  4.013515656814e-002
 416    7.799999713898e-001  4.012963224202e-002
 417    7.818750143051e-001  4.012216970325e-002
 418    7.837499976158e-001  4.011279532686e-002
 419    7.856249809265e-001  4.010155711323e-002
 420    7.875000238419e-001  4.008852444589e-002
 421    7.893750071526e-001  4.007378779352e-002
 422    7.912499904633e-001  4.005745444447e-002
 423    7.931249737740e-001  4.003964640200e-002
 424    7.950000166893e-001  4.002050861716e-002
 425    7.968750000000e-001  4.000018898398e-002
 426    7.987499833107e-001  3.997886050493e-002
 427    8.006250262260e-001  3.995668843389e-002
 428    8.025000095367e-001  3.993385003880e-002
 429    8.043749928474e-001  3.991052072495e-002
 430    8.062499761581e-001  3.988687908277e-002
 431    8.081250190735e-001  3.986309517175e-002
 432    8.100000023842e-001  3.983932781965e-002
 433    8.118749856949e-001  3.981573693454e-002
 434    8.137500286102e-001  3.979245755821e-002
 435    8.156250119209e-001  3.976962208748e-002
 436    8.174999952316e-001  3.974734153599e-002
 437    8.193749785423e-001  3.972571652383e-002
 438    8.212500214577e-001  3.970482815057e-002
 439    8.231250047684e-001  3.968474633992e-002
 440    8.249999880791e-001  3.966552443802e-002
 441    8.268749713898e-001  3.964720780030e-002
 442    8.287500143051e-001  3.962981883436e-002
 443    8.306249976158e-001  3.961337808520e-002
 444    8.324999809265e-001  3.959789438173e-002
 445    8.343750238419e-001  3.958336399868e-002
 446    8.362500071526e-001  3.956977738068e-002
 447    8.381249904633e-001  3.955712605268e-002
 448    8.399999737740e-001  3.954538153484e-002
 449    8.418750166893e-001  3.953451991081e-002
 450    8.437500000000e-001  3.952450795099e-002
 451    8.456249833107e-001  3.951530629769e-002
 452    8.475000262260e-001  3.950687162578e-002
 453    8.493750095367e-001  3.949914805591e-002
 454    8.512499928474e-001  3.949207814410e-002
 455    8.531249761581e-001  3.948558870703e-002
 456    8.550000190735e-001  3.947959935293e-002
 457    8.568750023842e-001  3.947401689366e-002
 458    8.587499856949e-001  3.946873961017e-002
 459    8.606250286102e-001  3.946363773197e-002
 460    8.625000119209e-001  3.945858418941e-002
 461    8.643749952316e-001  3.945342572406e-002
 462    8.662499785423e-001  3.944800000638e-002
 463    8.681250214577e-001  3.944211959839e-002
 464    8.700000047684e-001  3.943559573963e-002
 465    8.718749880791e-001  3.942821882665e-002
 466    8.737499713898e-001  3.941976670176e-002
 467    8.756250143051e-001  3.941000465304e-002
 468    8.774999976158e-001  3.939870145172e-002
 469    8.793749809265e-001  3.938560394570e-002
 470    8.812500238419e-001  3.937046246603e-002
 471    8.831250071526e-001  3.935302680358e-002
 472    8.849999904633e-001  3.933305077255e-002
 473    8.868749737740e-001  3.931028254330e-002
 474    8.887500166893e-001  3.928448608145e-002
 475    8.906250000000e-001  3.925542451441e-002
 476    8.924999833107e-001  3.922288529575e-002
 477    8.943750262260e-001  3.918665185571e-002
 478    8.962500095367e-001  3.914653273299e-002
 479    8.981249928474e-001  3.910234661773e-002
 480    8.999999761581e-001  3.905393274501e-002
 481    9.018750190735e-001  3.900113809854e-002
 482    9.037500023842e-001  3.894383741543e-002
 483    9.056249856949e-001  3.888191264123e-002
 484    9.075000286102e-001  3.881526920944e-002
 485    9.093750119209e-001  3.874382054433e-002
 486    9.112499952316e-001  3.866750355810e-002
 487    9.131249785423e-001  3.858626501635e-002
 488    9.150000214577e-001  3.850006075576e-002
 489    9.168750047684e-001  3.840887142345e-002
 490    9.187499880791e-001  3.831267815083e-002
 491    9.206249713898e-001  3.821148050949e-002
 492    9.225000143051e-001  3.810527507216e-002
 493    9.243749976158e-001  3.799408430234e-002
 494    9.262499809265e-001  3.787792501971e-002
 495    9.281250238419e-001  3.775683404878e-002
 496    9.300000071526e-001  3.763084070757e-002
 497    9.318749904633e-001  3.749999750406e-002
 498    9.337499737740e-001  3.736435454339e-002
 499    9.356250166893e-001  3.722397070378e-002
 500    9.375000000000e-001  3.707891495898e-002
 501    9.393749833107e-001  3.692926084623e-002
 502    9.412500262260e-001  3.677509013563e-002
 503    9.431250095367e-001  3.661649445072e-002
 504    9.449999928474e-001  3.645357502624e-002
 505    9.468749761581e-001  3.628643387929e-002
 506    9.487500190735e-001  3.611518822610e-002
 507    9.506250023842e-001  3.593996729702e-002
 508    9.524999856949e-001  3.576089816168e-002
 509    9.543750286102e-001  3.557813059539e-002
 510    9.562500119209e-001  3.539181515574e-002
 511    9.581249952316e-001  3.520210480317e-002
 512    9.599999785423e-001  3.500917838886e-002
 513    9.618750214577e-001  3.481319980696e-002
 514    9.637500047684e-001  3.461436232552e-002
 515    9.656249880791e-001  3.441284503788e-002
 516    9.674999713898e-001  3.420884896070e-002
 517    9.693750143051e-001  3.400256652385e-002
 518    9.712499976158e-001  3.379420541227e-002
 519    9.731249809265e-001  3.358396232128e-002
 520    9.750000238419e-001  3.337204571813e-002
 521    9.768750071526e-001  3.315866298974e-002
 522    9.787499904633e-001  3.294401695952e-002
 523    9.806249737740e-001  3.272831074893e-002
 524    9.825000166893e-001  3.251174183562e-002
 525    9.843750000000e-001  3.229450931773e-002
 526    9.862499833107e-001  3.207680586725e-002
 527    9.881250262260e-001  3.185881586745e-002
 528    9.900000095367e-001  3.164072237909e-002
 529    9.918749928474e-001  3.142269296572e-002
 530    9.937499761581e-001  3.120489813387e-002
 531    9.956250190735e-001  3.098749181256e-002
 532    9.975000023842e-001  3.077062474564e-002
 533    9.993749856949e-001  3.055443485267e-002
 534    1.001250028610e+000  3.033905443735e-002
 535    1.003124952316e+000  3.012460099533e-002
 536    1.004999995232e+000  2.991118547507e-002
 537    1.006875038147e+000  2.969891068526e-002
 538    1.008749961853e+000  2.948786501773e-002
 539    1.010625004768e+000  2.927813353017e-002
 540    1.012500047684e+000  2.906978926621e-002
 541    1.014374971390e+000  2.886289712973e-002
 542    1.016250014305e+000  2.865751628764e-002
 543    1.018125057220e+000  2.845369722694e-002
 544    1.019999980927e+000  2.825149112381e-002
 545    1.021875023842e+000  2.805093819275e-002
 546    1.023749947548e+000  2.785208053887e-002
 547    1.025624990463e+000  2.765496294014e-002
 548    1.027500033379e+000  2.745961990207e-002
 549    1.029374957085e+000  2.726610088721e-002
 550    1.031250000000e+000  2.707444856875e-002
 551    1.033125042915e+000  2.688471763395e-002
 552    1.034999966621e+000  2.669696466066e-002
 553    1.036875009537e+000  2.651125424542e-002
 554    1.038750052452e+000  2.632765900344e-002
 555    1.040624976158e+000  2.614625917748e-002
 556    1.042500019073e+000  2.596714450046e-002
 557    1.044374942780e+000  2.579041113146e-002
 558    1.046249985695e+000  2.561616538092e-002
 559    1.048125028610e+000  2.544451785274e-002
 560    1.049999952316e+000  2.527558422647e-002
 561    1.051874995232e+000  2.510948861949e-002
 562    1.053750038147e+000  2.494635367766e-002
 563    1.055624961853e+000  2.478630727157e-002
 564    1.057500004768e+000  2.462947567925e-002
 565    1.059375047684e+000  2.447598118335e-002
 566    1.061249971390e+000  2.432594180107e-002
 567    1.063125014305e+000  2.417947221547e-002
 568    1.065000057220e+000  2.403667710721e-002
 569    1.066874980927e+000  2.389765355736e-002
 570    1.068750023842e+000  2.376248756424e-002
 571    1.070624947548e+000  2.363125725649e-002
 572    1.072499990463e+000  2.350402328186e-002
 573    1.074375033379e+000  2.338083907962e-002
 574    1.076249957085e+000  2.326174207963e-002
 575    1.078125000000e+000  2.314675983042e-002
 576    1.080000042915e+000  2.303590720519e-002
 577    1.081874966621e+000  2.292918760329e-002
 578    1.083750009537e+000  2.282659027725e-002
 579    1.085625052452e+000  2.272809928283e-002
 580    1.087499976158e+000  2.263368425891e-002
 581    1.089375019073e+000  2.254331178032e-002
 582    1.091249942780e+000  2.245693334378e-002
 583    1.093124985695e+000  2.237450098619e-002
 584    1.095000028610e+000  2.229595500045e-002
 585    1.096874952316e+000  2.222123408690e-002
 586    1.098749995232e+000  2.215027334169e-002
 587    1.100625038147e+000  2.208299999125e-002
 588    1.102499961853e+000  2.201934420504e-002
 589    1.104375004768e+000  2.195923254825e-002
 590    1.106250047684e+000  2.190258999355e-002
 591    1.108124971390e+000  2.184934538789e-002
 592    1.110000014305e+000  2.179942490533e-002
 593    1.111875057220e+000  2.175275820307e-002
 594    1.113749980927e+000  2.170928001404e-002
 595    1.115625023842e+000  2.166892681271e-002
 596    1.117499947548e+000  2.163164522499e-002
 597    1.119374990463e+000  2.159738028422e-002
 598    1.121250033379e+000  2.156608930789e-002
 599    1.123124957085e+000  2.153773871250e-002
 600    1.125000000000e+000  2.151229530573e-002
 601    1.126875042915e+000  2.148974208161e-002
 602    1.128749966621e+000  2.147006509826e-002
 603    1.130625009537e+000  2.145326071419e-002
 604    1.132500052452e+000  2.143932943232e-002
 605    1.134374976158e+000  2.142828391865e-002
 606    1.136250019073e+000  2.142013818957e-002
 607    1.138124942780e+000  2.141490932554e-002
 608    1.139999985695e+000  2.141262110323e-002
 609    1.141875028610e+000  2.141329516657e-002
 610    1.143749952316e+000  2.141695544124e-002
 611    1.145624995232e+000  2.142361969687e-002
 612    1.147500038147e+000  2.143330612220e-002
 613    1.149374961853e+000  2.144602515735e-002
 614    1.151250004768e+000  2.146177976392e-002
 615    1.153125047684e+000  2.148056689650e-002
 616    1.154999971390e+000  2.150237455964e-002
 617    1.156875014305e+000  2.152717793360e-002
 618    1.158750057220e+000  2.155494619161e-002
 619    1.160624980927e+000  2.158563661389e-002
 620    1.162500023842e+000  2.161920101382e-002
 621    1.164374947548e+000  2.165557636879e-002
 622    1.166249990463e+000  2.169469632208e-002
 623    1.168125033379e+000  2.173648343422e-002
 624    1.169999957085e+000  2.178085639141e-002
 625    1.171875000000e+000  2.182772934437e-002
 626    1.173750042915e+000  2.187701470219e-002
 627    1.175624966621e+000  2.192861553282e-002
 628    1.177500009537e+000  2.198243958876e-002
 629    1.179375052452e+000  2.203839074820e-002
 630    1.181249976158e+000  2.209637529217e-002
 631    1.183125019073e+000  2.215630004182e-002
 632    1.184999942780e+000  2.221807169728e-002
 633    1.186874985695e+000  2.228159761988e-002
 634    1.188750028610e+000  2.234679117799e-002
 635    1.190624952316e+000  2.241356534883e-002
 636    1.192499995232e+000  2.248183431104e-002
 637    1.194375038147e+000  2.255151677877e-002
 638    1.196249961853e+000  2.262253278866e-002
 639    1.198125004768e+000  2.269480492920e-002
 640    1.200000047684e+000  2.276825750247e-002
 641    1.201874971390e+000  2.284282015637e-002
 642    1.203750014305e+000  2.291842398234e-002
 643    1.205625057220e+000  2.299500529654e-002
 644    1.207499980927e+000  2.307250131853e-002
 645    1.209375023842e+000  2.315086089075e-002
 646    1.211249947548e+000  2.323003030382e-002
 647    1.213124990463e+000  2.330996852368e-002
 648    1.215000033379e+000  2.339063878171e-002
 649    1.216874957085e+000  2.347200911492e-002
 650    1.218750000000e+000  2.355406170711e-002
 651    1.220625042915e+000  2.363677913323e-002
 652    1.222499966621e+000  2.372015892528e-002
 653    1.224375009537e+000  2.380420140922e-002
 654    1.226250052452e+000  2.388891399838e-002
 655    1.228124976158e+000  2.397431825288e-002
 656    1.230000019073e+000  2.406043399125e-002
 657    1.231874942780e+000  2.414729106240e-002
 658    1.233749985695e+000  2.423492090777e-002
 659    1.235625028610e+000  2.432336298749e-002
 660    1.237499952316e+000  2.441265195608e-002
 661    1.239374995232e+000  2.450283141807e-002
 662    1.241250038147e+000  2.459393563680e-002
 663    1.243124961853e+000  2.468600608408e-002
 664    1.245000004768e+000  2.477907368913e-002
 665    1.246875047684e+000  2.487317058258e-002
 666    1.248749971390e+000  2.496832129546e-002
 667    1.250625014305e+000  2.506454807706e-002
 668    1.252500057220e+000  2.516186317429e-002
 669    1.254374980927e+000  2.526027162559e-002
 670    1.256250023842e+000  2.535977579653e-002
 671    1.258124947548e+000  2.546036964282e-002
 672    1.259999990463e+000  2.556203603745e-002
 673    1.261875033379e+000  2.566475478932e-002
 674    1.263749957085e+000  2.576849795878e-002
 675    1.265625000000e+000  2.587323132902e-002
 676    1.267500042915e+000  2.597891254351e-002
 677    1.269374966621e+000  2.608549804427e-002
 678    1.271250009537e+000  2.619293265045e-002
 679    1.273125052452e+000  2.630116346292e-002
 680    1.274999976158e+000  2.641012929380e-002
 681    1.276875019073e+000  2.651976562105e-002
 682    1.278749942780e+000  2.663000792265e-002
 683    1.280624985695e+000  2.674078326672e-002
 684    1.282500028610e+000  2.685202538967e-002
 685    1.284374952316e+000  2.696365775540e-002
 686    1.286249995232e+000  2.707560929470e-002
 687    1.288125038147e+000  2.718780293129e-002
 688    1.289999961853e+000  2.730016999878e-002
 689    1.291875004768e+000  2.741263248958e-002
 690    1.293750047684e+000  2.752511972561e-002
 691    1.295624971390e+000  2.763756090775e-002
 692    1.297500014305e+000  2.774988682941e-002
 693    1.299375057220e+000  2.786202801391e-002
 694    1.301249980927e+000  2.797392099164e-002
 695    1.303125023842e+000  2.808550403453e-002
 696    1.304999947548e+000  2.819672034122e-002
 697    1.306874990463e+000  2.830751136877e-002
 698    1.308750033379e+000  2.841782659292e-002
 699    1.310624957085e+000  2.852762041613e-002
 700    1.312500000000e+000  2.863684763201e-002
 701    1.314375042915e+000  2.874546985142e-002
 702    1.316249966621e+000  2.885345133021e-002
 703    1.318125009537e+000  2.896076527424e-002
 704    1.320000052452e+000  2.906738474034e-002
 705    1.321874976158e+000  2.917328972369e-002
 706    1.323750019073e+000  2.927846394479e-002
 707    1.325624942780e+000  2.938290058635e-002
 708    1.327499985695e+000  2.948659337126e-002
 709    1.329375028610e+000  2.958954173140e-002
 710    1.331249952316e+000  2.969175323844e-002
 711    1.333124995232e+000  2.979324120097e-002
 712    1.335000038147e+000  2.989401796833e-002
 713    1.336874961853e+000  2.999411030672e-002
 714    1.338750004768e+000  3.009354603477e-002
 715    1.340625047684e+000  3.019235816784e-002
 716    1.342499971390e+000  3.029059038498e-002
 717    1.344375014305e+000  3.038828744553e-002
 718    1.346250057220e+000  3.048550381325e-002
 719    1.348124980927e+000  3.058229611255e-002
 720    1.350000023842e+000  3.067873229273e-002
 721    1.351874947548e+000  3.077488162555e-002
 722    1.353749990463e+000  3.087082434446e-002
 723    1.355625033379e+000  3.096663879231e-002
 724    1.357499957085e+000  3.106242001057e-002
 725    1.359375000000e+000  3.115825355053e-002
 726    1.361250042915e+000  3.125424418598e-002
 727    1.363124966621e+000  3.135048948228e-002
 728    1.365000009537e+000  3.144710436463e-002
 729    1.366875052452e+000  3.154419066384e-002
 730    1.368749976158e+000  3.164186330512e-002
 731    1.370625019073e+000  3.174023961648e-002
 732    1.372499942780e+000  3.183943103999e-002
 733    1.374374985695e+000  3.193955838680e-002
 734    1.376250028610e+000  3.204073363915e-002
 735    1.378124952316e+000  3.214307412505e-002
 736    1.379999995232e+000  3.224669398740e-002
 737    1.381875038147e+000  3.235169962049e-002
 738    1.383749961853e+000  3.245820114389e-002
 739    1.385625004768e+000  3.256630230695e-002
 740    1.387500047684e+000  3.267610229552e-002
 741    1.389374971390e+000  3.278768803924e-002
 742    1.391250014305e+000  3.290115181357e-002
 743    1.393125057220e+000  3.301656613126e-002
 744    1.394999980927e+000  3.313400698826e-002
 745    1.396875023842e+000  3.325353518128e-002
 746    1.398749947548e+000  3.337520988658e-002
 747    1.400624990463e+000  3.349907189608e-002
 748    1.402500033379e+000  3.362516038120e-002
 749    1.404374957085e+000  3.375350279734e-002
 750    1.406250000000e+000  3.388411885127e-002
 751    1.408125042915e+000  3.401701437309e-002
 752    1.409999966621e+000  3.415219092742e-002
 753    1.411875009537e+000  3.428963541985e-002
 754    1.413750052452e+000  3.442933499813e-002
 755    1.415624976158e+000  3.457125974819e-002
 756    1.417500019073e+000  3.471537470818e-002
 757    1.419374942780e+000  3.486163981259e-002
 758    1.421249985695e+000  3.501001583412e-002
 759    1.423125028610e+000  3.516044966877e-002
 760    1.424999952316e+000  3.531288364902e-002
 761    1.426874995232e+000  3.546726604924e-002
 762    1.428750038147e+000  3.562353787944e-002
 763    1.430624961853e+000  3.578164609149e-002
 764    1.432500004768e+000  3.594153199345e-002
 765    1.434375047684e+000  3.610314121470e-002
 766    1.436249971390e+000  3.626641830429e-002
 767    1.438125014305e+000  3.643132252619e-002
 768    1.440000057220e+000  3.659779950976e-002
 769    1.441874980927e+000  3.676580935717e-002
 770    1.443750023842e+000  3.693531481549e-002
 771    1.445624947548e+000  3.710627892986e-002
 772    1.447499990463e+000  3.727866474539e-002
 773    1.449375033379e+000  3.745244011283e-002
 774    1.451249957085e+000  3.762757666409e-002
 775    1.453125000000e+000  3.780403425917e-002
 776    1.455000042915e+000  3.798178158700e-002
 777    1.456874966621e+000  3.816078253090e-002
 778    1.458750009537e+000  3.834099058062e-002
 779    1.460625052452e+000  3.852236187086e-002
 780    1.462499976158e+000  3.870484322309e-002
 781    1.464375019073e+000  3.888837262988e-002
 782    1.466249942780e+000  3.907288489863e-002
 783    1.468124985695e+000  3.925830174237e-002
 784    1.470000028610e+000  3.944454463199e-002
 785    1.471874952316e+000  3.963151684031e-002
 786    1.473749995232e+000  3.981912488118e-002
 787    1.475625038147e+000  4.000726325437e-002
 788    1.477499961853e+000  4.019582297653e-002
 789    1.479375004768e+000  4.038468761370e-002
 790    1.481250047684e+000  4.057373803109e-002
 791    1.483124971390e+000  4.076285298914e-002
 792    1.485000014305e+000  4.095190938562e-002
 793    1.486875057220e+000  4.114078916609e-002
 794    1.488749980927e+000  4.132936682552e-002
 795    1.490625023842e+000  4.151752274483e-002
 796    1.492499947548e+000  4.170514289290e-002
 797    1.494374990463e+000  4.189211191610e-002
 798    1.496250033379e+000  4.207831872627e-002
 799    1.498124957085e+000  4.226366346702e-002
 800    1.500000000000e+000  4.244804279879e-002
