 0    0.000000000000e+000  0.000000000000e+000
 1    1.874999958090e-003  1.771220519440e-003
 2    3.749999916181e-003  3.444408061914e-003
 3    5.625000223517e-003  5.024991361424e-003
 4    7.499999832362e-003  6.518096728250e-003
 5    9.375000372529e-003  7.928568525240e-003
 6    1.125000044703e-002  9.260978149250e-003
 7    1.312499959022e-002  1.051964627579e-002
 8    1.499999966472e-002  1.170865329914e-002
 9    1.687500067055e-002  1.283185249195e-002
 10    1.875000074506e-002  1.389288265258e-002
 11    2.062500081956e-002  1.489518021233e-002
 12    2.250000089407e-002  1.584199227393e-002
 13    2.437499910593e-002  1.673638406210e-002
 14    2.624999918044e-002  1.758125184104e-002
 15    2.812499925494e-002  1.837933219969e-002
 16    2.999999932945e-002  1.913320634514e-002
 17    3.187499940395e-002  1.984531536698e-002
 18    3.375000134110e-002  2.051796413958e-002
 19    3.562499955297e-002  2.115333165973e-002
 20    3.750000149012e-002  2.175347452983e-002
 21    3.937499970198e-002  2.232033519074e-002
 22    4.125000163913e-002  2.285575099289e-002
 23    4.312499985099e-002  2.336145924404e-002
 24    4.500000178814e-002  2.383909745142e-002
 25    4.687500000000e-002  2.429021785967e-002
 26    4.874999821186e-002  2.471628423780e-002
 27    5.062500014901e-002  2.511868212372e-002
 28    5.249999836087e-002  2.549871936440e-002
 29    5.437500029802e-002  2.585763542913e-002
 30    5.624999850988e-002  2.619659927674e-002
 31    5.812500044703e-002  2.651671719737e-002
 32    5.999999865890e-002  2.681903749704e-002
 33    6.187500059605e-002  2.710454752669e-002
 34    6.374999880791e-002  2.737418410368e-002
 35    6.562499701977e-002  2.762882960960e-002
 36    6.750000268221e-002  2.786932415329e-002
 37    6.937500089407e-002  2.809645632282e-002
 38    7.124999910593e-002  2.831097709015e-002
 39    7.312499731779e-002  2.851359083317e-002
 40    7.500000298023e-002  2.870496734977e-002
 41    7.687500119209e-002  2.888573918492e-002
 42    7.874999940395e-002  2.905650310218e-002
 43    8.062499761581e-002  2.921782645397e-002
 44    8.250000327826e-002  2.937024267390e-002
 45    8.437500149012e-002  2.951425323263e-002
 46    8.624999970198e-002  2.965033715591e-002
 47    8.812499791384e-002  2.977894243784e-002
 48    9.000000357628e-002  2.990049619228e-002
 49    9.187500178814e-002  3.001539759338e-002
 50    9.375000000000e-002  3.012402610853e-002
 51    9.562499821186e-002  3.022673632950e-002
 52    9.749999642372e-002  3.032386434264e-002
 53    9.937500208616e-002  3.041572694667e-002
 54    1.012500002980e-001  3.050262336619e-002
 55    1.031249985099e-001  3.058483032510e-002
 56    1.049999967217e-001  3.066261445172e-002
 57    1.068750023842e-001  3.073621852323e-002
 58    1.087500005960e-001  3.080587855540e-002
 59    1.106249988079e-001  3.087180896662e-002
 60    1.124999970198e-001  3.093421489000e-002
 61    1.143750026822e-001  3.099328652956e-002
 62    1.162500008941e-001  3.104920198210e-002
 63    1.181249991059e-001  3.110212855972e-002
 64    1.199999973178e-001  3.115222065710e-002
 65    1.218750029802e-001  3.119962482713e-002
 66    1.237500011921e-001  3.124447722919e-002
 67    1.256249994040e-001  3.128690645099e-002
 68    1.274999976158e-001  3.132703095675e-002
 69    1.293749958277e-001  3.136496134102e-002
 70    1.312499940395e-001  3.140080612153e-002
 71    1.331250071526e-001  3.143465831876e-002
 72    1.350000053644e-001  3.146661767736e-002
 73    1.368750035763e-001  3.149676712230e-002
 74    1.387500017881e-001  3.152519522235e-002
 75    1.406250000000e-001  3.155198333785e-002
 76    1.424999982119e-001  3.157720033079e-002
 77    1.443749964237e-001  3.160092839971e-002
 78    1.462499946356e-001  3.162323376164e-002
 79    1.481249928474e-001  3.164418665692e-002
 80    1.500000059605e-001  3.166385252029e-002
 81    1.518750041723e-001  3.168229281902e-002
 82    1.537500023842e-001  3.169957382604e-002
 83    1.556250005960e-001  3.171574901789e-002
 84    1.574999988079e-001  3.173088070005e-002
 85    1.593749970198e-001  3.174502396956e-002
 86    1.612499952316e-001  3.175823181868e-002
 87    1.631249934435e-001  3.177055189386e-002
 88    1.650000065565e-001  3.178203718737e-002
 89    1.668750047684e-001  3.179272897542e-002
 90    1.687500029802e-001  3.180267225951e-002
 91    1.706250011921e-001  3.181190777570e-002
 92    1.724999994040e-001  3.182047067210e-002
 93    1.743749976158e-001  3.182839849964e-002
 94    1.762499958277e-001  3.183572106063e-002
 95    1.781249940395e-001  3.184246923774e-002
 96    1.800000071526e-001  3.184867072850e-002
 97    1.818750053644e-001  3.185434626415e-002
 98    1.837500035763e-001  3.185952594504e-002
 99    1.856250017881e-001  3.186423104256e-002
 100    1.875000000000e-001  3.186847591773e-002
 101    1.893749982119e-001  3.187228532508e-002
 102    1.912499964237e-001  3.187568323687e-002
 103    1.931249946356e-001  3.187868587673e-002
 104    1.949999928474e-001  3.188131775707e-002
 105    1.968750059605e-001  3.188360285014e-002
 106    1.987500041723e-001  3.188556140289e-002
 107    2.006250023842e-001  3.188723023981e-002
 108    2.025000005960e-001  3.188862906769e-002
 109    2.043749988079e-001  3.188979711384e-002
 110    2.062499970198e-001  3.189076693729e-002
 111    2.081249952316e-001  3.189157536253e-002
 112    2.099999934435e-001  3.189226029441e-002
 113    2.118750065565e-001  3.189286792651e-002
 114    2.137500047684e-001  3.189343910664e-002
 115    2.156250029802e-001  3.189401870593e-002
 116    2.175000011921e-001  3.189464757219e-002
 117    2.193749994040e-001  3.189537832513e-002
 118    2.212499976158e-001  3.189625103027e-002
 119    2.231249958277e-001  3.189731109887e-002
 120    2.249999940395e-001  3.189859619364e-002
 121    2.268750071526e-001  3.190014343709e-002
 122    2.287500053644e-001  3.190198862925e-002
 123    2.306250035763e-001  3.190416462719e-002
 124    2.325000017881e-001  3.190668879077e-002
 125    2.343750000000e-001  3.190958328545e-002
 126    2.362499982119e-001  3.191286066547e-002
 127    2.381249964237e-001  3.191652519628e-002
 128    2.399999946356e-001  3.192057874054e-002
 129    2.418749928474e-001  3.192501114681e-002
 130    2.437500059605e-001  3.192981490865e-002
 131    2.456250041723e-001  3.193496437743e-002
 132    2.475000023842e-001  3.194043522701e-002
 133    2.493750005960e-001  3.194619538262e-002
 134    2.512499988079e-001  3.195221090689e-002
 135    2.531250119209e-001  3.195843849331e-002
 136    2.549999952316e-001  3.196483273059e-002
 137    2.568750083447e-001  3.197134790942e-002
 138    2.587499916553e-001  3.197793753818e-002
 139    2.606250047684e-001  3.198454443365e-002
 140    2.624999880791e-001  3.199111862108e-002
 141    2.643750011921e-001  3.199761174619e-002
 142    2.662500143051e-001  3.200396956876e-002
 143    2.681249976158e-001  3.201014799997e-002
 144    2.700000107288e-001  3.201609201729e-002
 145    2.718749940395e-001  3.202176287770e-002
 146    2.737500071526e-001  3.202711462975e-002
 147    2.756249904633e-001  3.203211069107e-002
 148    2.775000035763e-001  3.203671526164e-002
 149    2.793749868870e-001  3.204089656472e-002
 150    2.812500000000e-001  3.204462336376e-002
 151    2.831250131130e-001  3.204787481576e-002
 152    2.849999964237e-001  3.205062316731e-002
 153    2.868750095367e-001  3.205285694450e-002
 154    2.887499928474e-001  3.205456173047e-002
 155    2.906250059605e-001  3.205571884289e-002
 156    2.924999892712e-001  3.205632215366e-002
 157    2.943750023842e-001  3.205636847764e-002
 158    2.962499856949e-001  3.205585006624e-002
 159    2.981249988079e-001  3.205476721749e-002
 160    3.000000119209e-001  3.205312101170e-002
 161    3.018749952316e-001  3.205091385171e-002
 162    3.037500083447e-001  3.204815084115e-002
 163    3.056249916553e-001  3.204483492300e-002
 164    3.075000047684e-001  3.204098213464e-002
 165    3.093749880791e-001  3.203659301624e-002
 166    3.112500011921e-001  3.203168708831e-002
 167    3.131250143051e-001  3.202627209947e-002
 168    3.149999976158e-001  3.202036168426e-002
 169    3.168750107288e-001  3.201397482306e-002
 170    3.187499940395e-001  3.200712701306e-002
 171    3.206250071526e-001  3.199983134866e-002
 172    3.224999904633e-001  3.199210975319e-002
 173    3.243750035763e-001  3.198397826403e-002
 174    3.262499868870e-001  3.197545424104e-002
 175    3.281250000000e-001  3.196655774489e-002
 176    3.300000131130e-001  3.195731148124e-002
 177    3.318749964237e-001  3.194772668183e-002
 178    3.337500095367e-001  3.193782418966e-002
 179    3.356249928474e-001  3.192762004212e-002
 180    3.375000059605e-001  3.191712787375e-002
 181    3.393749892712e-001  3.190636264160e-002
 182    3.412500023842e-001  3.189533984289e-002
 183    3.431249856949e-001  3.188406536356e-002
 184    3.449999988079e-001  3.187255416065e-002
 185    3.468750119209e-001  3.186081236228e-002
 186    3.487499952316e-001  3.184884825721e-002
 187    3.506250083447e-001  3.183666557074e-002
 188    3.524999916553e-001  3.182427391410e-002
 189    3.543750047684e-001  3.181167352945e-002
 190    3.562499880791e-001  3.179887000471e-002
 191    3.581250011921e-001  3.178587000817e-002
 192    3.600000143051e-001  3.177267510444e-002
 193    3.618749976158e-001  3.175929568708e-002
 194    3.637500107288e-001  3.174573866650e-002
 195    3.656249940395e-001  3.173201281577e-002
 196    3.675000071526e-001  3.171812690794e-002
 197    3.693749904633e-001  3.170409746468e-002
 198    3.712500035763e-001  3.168993992731e-002
 199    3.731249868870e-001  3.167567934841e-002
 200    3.750000000000e-001  3.166133357212e-002
 201    3.768750131130e-001  3.164692951366e-002
 202    3.787499964237e-001  3.163249757141e-002
 203    3.806250095367e-001  3.161807373166e-002
 204    3.824999928474e-001  3.160369211808e-002
 205    3.843750059605e-001  3.158939220011e-002
 206    3.862499892712e-001  3.157521128654e-002
 207    3.881250023842e-001  3.156119845808e-002
 208    3.899999856949e-001  3.154739690945e-002
 209    3.918749988079e-001  3.153385464102e-002
 210    3.937500119209e-001  3.152061857283e-002
 211    3.956249952316e-001  3.150773297995e-002
 212    3.975000083447e-001  3.149525012821e-002
 213    3.993749916553e-001  3.148321159184e-002
 214    4.012500047684e-001  3.147166885436e-002
 215    4.031249880791e-001  3.146065976471e-002
 216    4.050000011921e-001  3.145022697747e-002
 217    4.068750143051e-001  3.144040407613e-002
 218    4.087499976158e-001  3.143123131245e-002
 219    4.106250107288e-001  3.142273854464e-002
 220    4.124999940395e-001  3.141494680196e-002
 221    4.143750071526e-001  3.140788462013e-002
 222    4.162499904633e-001  3.140156822279e-002
 223    4.181250035763e-001  3.139601172879e-002
 224    4.199999868870e-001  3.139122685418e-002
 225    4.218750000000e-001  3.138721276075e-002
 226    4.237500131130e-001  3.138397023082e-002
 227    4.256249964237e-001  3.138150058687e-002
 228    4.275000095367e-001  3.137978538871e-002
 229    4.293749928474e-001  3.137881742790e-002
 230    4.312500059605e-001  3.137857453898e-002
 231    4.331249892712e-001  3.137903617695e-002
 232    4.350000023842e-001  3.138017350808e-002
 233    4.368749856949e-001  3.138195853680e-002
 234    4.387499988079e-001  3.138435576111e-002
 235    4.406250119209e-001  3.138733183965e-002
 236    4.424999952316e-001  3.139084327966e-002
 237    4.443750083447e-001  3.139484820887e-002
 238    4.462499916553e-001  3.139930313453e-002
 239    4.481250047684e-001  3.140416083857e-002
 240    4.499999880791e-001  3.140937410295e-002
 241    4.518750011921e-001  3.141489624977e-002
 242    4.537500143051e-001  3.142067285255e-002
 243    4.556249976158e-001  3.142666630447e-002
 244    4.575000107288e-001  3.143281977624e-002
 245    4.593749940395e-001  3.143909379840e-002
 246    4.612500071526e-001  3.144543820992e-002
 247    4.631249904633e-001  3.145181246102e-002
 248    4.650000035763e-001  3.145818080753e-002
 249    4.668749868870e-001  3.146450486034e-002
 250    4.687500000000e-001  3.147074857727e-002
 251    4.706250131130e-001  3.147689092904e-002
 252    4.724999964237e-001  3.148290308192e-002
 253    4.743750095367e-001  3.148876532912e-002
 254    4.762499928474e-001  3.149447022006e-002
 255    4.781250059605e-001  3.149999642745e-002
 256    4.799999892712e-001  3.150534557179e-002
 257    4.818750023842e-001  3.151051422581e-002
 258    4.837499856949e-001  3.151550803334e-002
 259    4.856249988079e-001  3.152033288032e-002
 260    4.875000119209e-001  3.152499681339e-002
 261    4.893749952316e-001  3.152952043340e-002
 262    4.912500083447e-001  3.153391551226e-002
 263    4.931249916553e-001  3.153819784522e-002
 264    4.950000047684e-001  3.154239175841e-002
 265    4.968749880791e-001  3.154651677236e-002
 266    4.987500011921e-001  3.155059240758e-002
 267    5.006250143051e-001  3.155463740230e-002
 268    5.024999976158e-001  3.155867259949e-002
 269    5.043749809265e-001  3.156271325424e-002
 270    5.062500238419e-001  3.156677516177e-002
 271    5.081250071526e-001  3.157086366788e-002
 272    5.099999904633e-001  3.157499108464e-002
 273    5.118749737740e-001  3.157916011289e-002
 274    5.137500166893e-001  3.158337237313e-002
 275    5.156250000000e-001  3.158762173727e-002
 276    5.174999833107e-001  3.159190207720e-002
 277    5.193750262260e-001  3.159619951621e-002
 278    5.212500095367e-001  3.160050366074e-002
 279    5.231249928474e-001  3.160479048267e-002
 280    5.249999761581e-001  3.160904154181e-002
 281    5.268750190735e-001  3.161323202774e-002
 282    5.287500023842e-001  3.161733683199e-002
 283    5.306249856949e-001  3.162133030593e-002
 284    5.325000286102e-001  3.162518121302e-002
 285    5.343750119209e-001  3.162886684760e-002
 286    5.362499952316e-001  3.163235915825e-002
 287    5.381249785423e-001  3.163563597947e-002
 288    5.400000214577e-001  3.163867034018e-002
 289    5.418750047684e-001  3.164144566283e-002
 290    5.437499880791e-001  3.164394458756e-002
 291    5.456249713898e-001  3.164615456015e-002
 292    5.475000143051e-001  3.164806783199e-002
 293    5.493749976158e-001  3.164967665449e-002
 294    5.512499809265e-001  3.165098877624e-002
 295    5.531250238419e-001  3.165200179443e-002
 296    5.550000071526e-001  3.165272532031e-002
 297    5.568749904633e-001  3.165317485109e-002
 298    5.587499737740e-001  3.165336774662e-002
 299    5.606250166893e-001  3.165332190692e-002
 300    5.625000000000e-001  3.165306165814e-002
 301    5.643749833107e-001  3.165261102840e-002
 302    5.662500262260e-001  3.165199860930e-002
 303    5.681250095367e-001  3.165124710649e-002
 304    5.699999928474e-001  3.165039045736e-002
 305    5.718749761581e-001  3.164944950491e-002
 306    5.737500190735e-001  3.164844827726e-002
 307    5.756250023842e-001  3.164741350338e-002
 308    5.774999856949e-001  3.164636254311e-002
 309    5.793750286102e-001  3.164530849084e-002
 310    5.812500119209e-001  3.164427351207e-002
 311    5.831249952316e-001  3.164325574413e-002
 312    5.849999785423e-001  3.164226425812e-002
 313    5.868750214577e-001  3.164130013436e-002
 314    5.887500047684e-001  3.164035880938e-002
 315    5.906249880791e-001  3.163943121210e-002
 316    5.924999713898e-001  3.163850503042e-002
 317    5.943750143051e-001  3.163756771013e-002
 318    5.962499976158e-001  3.163659894839e-002
 319    5.981249809265e-001  3.163557868451e-002
 320    6.000000238419e-001  3.163449009880e-002
 321    6.018750071526e-001  3.163330592215e-002
 322    6.037499904633e-001  3.163200585172e-002
 323    6.056249737740e-001  3.163057330996e-002
 324    6.075000166893e-001  3.162898264825e-002
 325    6.093750000000e-001  3.162721596658e-002
 326    6.112499833107e-001  3.162526149303e-002
 327    6.131250262260e-001  3.162310481071e-002
 328    6.150000095367e-001  3.162073468789e-002
 329    6.168749928474e-001  3.161814926192e-002
 330    6.187499761581e-001  3.161534691229e-002
 331    6.206250190735e-001  3.161232631654e-002
 332    6.225000023842e-001  3.160909468308e-002
 333    6.243749856949e-001  3.160565976053e-002
 334    6.262500286102e-001  3.160203410313e-002
 335    6.281250119209e-001  3.159823080525e-002
 336    6.299999952316e-001  3.159427257255e-002
 337    6.318749785423e-001  3.159016661346e-002
 338    6.337500214577e-001  3.158594205976e-002
 339    6.356250047684e-001  3.158161332831e-002
 340    6.374999880791e-001  3.157720552757e-002
 341    6.393749713898e-001  3.157273415476e-002
 342    6.412500143051e-001  3.156822191551e-002
 343    6.431249976158e-001  3.156368508935e-002
 344    6.449999809265e-001  3.155913731083e-002
 345    6.468750238419e-001  3.155460074544e-002
 346    6.487500071526e-001  3.155008152127e-002
 347    6.506249904633e-001  3.154559753835e-002
 348    6.524999737740e-001  3.154115065932e-002
 349    6.543750166893e-001  3.153675181791e-002
 350    6.562500000000e-001  3.153240209445e-002
 351    6.581249833107e-001  3.152811001986e-002
 352    6.600000262260e-001  3.152387505397e-002
 353    6.618750095367e-001  3.151969611645e-002
 354    6.637499928474e-001  3.151557134464e-002
 355    6.656249761581e-001  3.151150578633e-002
 356    6.675000190735e-001  3.150748904794e-002
 357    6.693750023842e-001  3.150351656601e-002
 358    6.712499856949e-001  3.149959206581e-002
 359    6.731250286102e-001  3.149570461363e-002
 360    6.750000119209e-001  3.149185312912e-002
 361    6.768749952316e-001  3.148802986369e-002
 362    6.787499785423e-001  3.148422706872e-002
 363    6.806250214577e-001  3.148044660687e-002
 364    6.825000047684e-001  3.147667165846e-002
 365    6.843749880791e-001  3.147290594876e-002
 366    6.862499713898e-001  3.146913506091e-002
 367    6.881250143051e-001  3.146535605192e-002
 368    6.899999976158e-001  3.146155769005e-002
 369    6.918749809265e-001  3.145773516968e-002
 370    6.937500238419e-001  3.145387647673e-002
 371    6.956250071526e-001  3.144997518510e-002
 372    6.974999904633e-001  3.144602114335e-002
 373    6.993749737740e-001  3.144200606272e-002
 374    7.012500166893e-001  3.143791979179e-002
 375    7.031250000000e-001  3.143375217915e-002
 376    7.049999833107e-001  3.142949547619e-002
 377    7.068750262260e-001  3.142513899133e-002
 378    7.087500095367e-001  3.142068272457e-002
 379    7.106249928474e-001  3.141610931605e-002
 380    7.124999761581e-001  3.141142062843e-002
 381    7.143750190735e-001  3.140661239624e-002
 382    7.162500023842e-001  3.140167633072e-002
 383    7.181249856949e-001  3.139661351219e-002
 384    7.200000286102e-001  3.139142394066e-002
 385    7.218750119209e-001  3.138610815629e-002
 386    7.237499952316e-001  3.138066910207e-002
 387    7.256249785423e-001  3.137510918081e-002
 388    7.275000214577e-001  3.136943535879e-002
 389    7.293750047684e-001  3.136365562677e-002
 390    7.312499880791e-001  3.135777695104e-002
 391    7.331249713898e-001  3.135180708021e-002
 392    7.350000143051e-001  3.134575856850e-002
 393    7.368749976158e-001  3.133964102715e-002
 394    7.387499809265e-001  3.133347049356e-002
 395    7.406250238419e-001  3.132725015283e-002
 396    7.425000071526e-001  3.132100246847e-002
 397    7.443749904633e-001  3.131473675370e-002
 398    7.462499737740e-001  3.130846958607e-002
 399    7.481250166893e-001  3.130221189931e-002
 400    7.500000000000e-001  3.129598105326e-002
 401    7.518749833107e-001  3.128979146481e-002
 402    7.537500262260e-001  3.128365755081e-002
 403    7.556250095367e-001  3.127759078518e-002
 404    7.574999928474e-001  3.127161039039e-002
 405    7.593749761581e-001  3.126572411507e-002
 406    7.612500190735e-001  3.125994637609e-002
 407    7.631250023842e-001  3.125429345295e-002
 408    7.649999856949e-001  3.124877015129e-002
 409    7.668750286102e-001  3.124338515103e-002
 410    7.687500119209e-001  3.123815007508e-002
 411    7.706249952316e-001  3.123306531459e-002
 412    7.724999785423e-001  3.122813648544e-002
 413    7.743750214577e-001  3.122336211614e-002
 414    7.762500047684e-001  3.121874061413e-002
 415    7.781249880791e-001  3.121426663361e-002
 416    7.799999713898e-001  3.120992870070e-002
 417    7.818750143051e-001  3.120571786538e-002
 418    7.837499976158e-001  3.120161904953e-002
 419    7.856249809265e-001  3.119761276059e-002
 420    7.875000238419e-001  3.119367803447e-002
 421    7.893750071526e-001  3.118979444727e-002
 422    7.912499904633e-001  3.118593475781e-002
 423    7.931249737740e-001  3.118207253516e-002
 424    7.950000166893e-001  3.117817840539e-002
 425    7.968750000000e-001  3.117422392592e-002
 426    7.987499833107e-001  3.117017879151e-002
 427    8.006250262260e-001  3.116601482965e-002
 428    8.025000095367e-001  3.116170146503e-002
 429    8.043749928474e-001  3.115721466951e-002
 430    8.062499761581e-001  3.115252720192e-002
 431    8.081250190735e-001  3.114761623554e-002
 432    8.100000023842e-001  3.114246401936e-002
 433    8.118749856949e-001  3.113705133088e-002
 434    8.137500286102e-001  3.113136588596e-002
 435    8.156250119209e-001  3.112539795227e-002
 436    8.174999952316e-001  3.111913857982e-002
 437    8.193749785423e-001  3.111258737743e-002
 438    8.212500214577e-001  3.110574248247e-002
 439    8.231250047684e-001  3.109860803932e-002
 440    8.249999880791e-001  3.109119005501e-002
 441    8.268749713898e-001  3.108349774964e-002
 442    8.287500143051e-001  3.107554112561e-002
 443    8.306249976158e-001  3.106733327731e-002
 444    8.324999809265e-001  3.105888994411e-002
 445    8.343750238419e-001  3.105022701435e-002
 446    8.362500071526e-001  3.104135995731e-002
 447    8.381249904633e-001  3.103230691515e-002
 448    8.399999737740e-001  3.102308657020e-002
 449    8.418750166893e-001  3.101371571422e-002
 450    8.437500000000e-001  3.100421435200e-002
 451    8.456249833107e-001  3.099460221827e-002
 452    8.475000262260e-001  3.098489490338e-002
 453    8.493750095367e-001  3.097511493601e-002
 454    8.512499928474e-001  3.096527883783e-002
 455    8.531249761581e-001  3.095540913753e-002
 456    8.550000190735e-001  3.094552448951e-002
 457    8.568750023842e-001  3.093564715236e-002
 458    8.587499856949e-001  3.092579938471e-002
 459    8.606250286102e-001  3.091600104235e-002
 460    8.625000119209e-001  3.090627825819e-002
 461    8.643749952316e-001  3.089665449224e-002
 462    8.662499785423e-001  3.088715401478e-002
 463    8.681250214577e-001  3.087780509144e-002
 464    8.700000047684e-001  3.086863199249e-002
 465    8.718749880791e-001  3.085966259241e-002
 466    8.737499713898e-001  3.085092329420e-002
 467    8.756250143051e-001  3.084244278260e-002
 468    8.774999976158e-001  3.083424439654e-002
 469    8.793749809265e-001  3.082635453902e-002
 470    8.812500238419e-001  3.081880030222e-002
 471    8.831250071526e-001  3.081160235219e-002
 472    8.849999904633e-001  3.080478216521e-002
 473    8.868749737740e-001  3.079835854471e-002
 474    8.887500166893e-001  3.079234936275e-002
 475    8.906250000000e-001  3.078676741570e-002
 476    8.924999833107e-001  3.078162510879e-002
 477    8.943750262260e-001  3.077692989260e-002
 478    8.962500095367e-001  3.077268963680e-002
 479    8.981249928474e-001  3.076890431345e-002
 480    8.999999761581e-001  3.076557338238e-002
 481    9.018750190735e-001  3.076269642450e-002
 482    9.037500023842e-001  3.076026542112e-002
 483    9.056249856949e-001  3.075827274472e-002
 484    9.075000286102e-001  3.075670824386e-002
 485    9.093750119209e-001  3.075556056574e-002
 486    9.112499952316e-001  3.075481394306e-002
 487    9.131249785423e-001  3.075445717201e-002
 488    9.150000214577e-001  3.075446874835e-002
 489    9.168750047684e-001  3.075483653694e-002
 490    9.187499880791e-001  3.075553984381e-002
 491    9.206249713898e-001  3.075656226836e-002
 492    9.225000143051e-001  3.075788512826e-002
 493    9.243749976158e-001  3.075949496590e-002
 494    9.262499809265e-001  3.076136790216e-002
 495    9.281250238419e-001  3.076349261217e-002
 496    9.300000071526e-001  3.076585191302e-002
 497    9.318749904633e-001  3.076842579991e-002
 498    9.337499737740e-001  3.077120363712e-002
 499    9.356250166893e-001  3.077416704036e-002
 500    9.375000000000e-001  3.077730336227e-002
 501    9.393749833107e-001  3.078059716150e-002
 502    9.412500262260e-001  3.078403392807e-002
 503    9.431250095367e-001  3.078760089353e-002
 504    9.449999928474e-001  3.079128087498e-002
 505    9.468749761581e-001  3.079506137408e-002
 506    9.487500190735e-001  3.079892574809e-002
 507    9.506250023842e-001  3.080286215991e-002
 508    9.524999856949e-001  3.080685036257e-002
 509    9.543750286102e-001  3.081087851897e-002
 510    9.562500119209e-001  3.081492584199e-002
 511    9.581249952316e-001  3.081897541881e-002
 512    9.599999785423e-001  3.082301180810e-002
 513    9.618750214577e-001  3.082701395266e-002
 514    9.637500047684e-001  3.083096439950e-002
 515    9.656249880791e-001  3.083484089002e-002
 516    9.674999713898e-001  3.083862744272e-002
 517    9.693750143051e-001  3.084230125882e-002
 518    9.712499976158e-001  3.084584248252e-002
 519    9.731249809265e-001  3.084923378192e-002
 520    9.750000238419e-001  3.085245343857e-002
 521    9.768750071526e-001  3.085548144765e-002
 522    9.787499904633e-001  3.085830128752e-002
 523    9.806249737740e-001  3.086089349352e-002
 524    9.825000166893e-001  3.086324367672e-002
 525    9.843750000000e-001  3.086533210240e-002
 526    9.862499833107e-001  3.086714825593e-002
 527    9.881250262260e-001  3.086867600679e-002
 528    9.900000095367e-001  3.086990376003e-002
 529    9.918749928474e-001  3.087082220241e-002
 530    9.937499761581e-001  3.087142268196e-002
 531    9.956250190735e-001  3.087169693783e-002
 532    9.975000023842e-001  3.087164166383e-002
 533    9.993749856949e-001  3.087124926038e-002
 534    1.001250028610e+000  3.087052269839e-002
 535    1.003124952316e+000  3.086945852265e-002
 536    1.004999995232e+000  3.086806075647e-002
 537    1.006875038147e+000  3.086633195169e-002
 538    1.008749961853e+000  3.086427480914e-002
 539    1.010625004768e+000  3.086189800873e-002
 540    1.012500047684e+000  3.085920758545e-002
 541    1.014374971390e+000  3.085621396080e-002
 542    1.016250014305e+000  3.085292422213e-002
 543    1.018125057220e+000  3.084934987128e-002
 544    1.019999980927e+000  3.084550253116e-002
 545    1.021875023842e+000  3.084138874896e-002
 546    1.023749947548e+000  3.083702215925e-002
 547    1.025624990463e+000  3.083241291344e-002
 548    1.027500033379e+000  3.082756996155e-002
 549    1.029374957085e+000  3.082249985076e-002
 550    1.031250000000e+000  3.081721219234e-002
 551    1.033125042915e+000  3.081171260215e-002
 552    1.034999966621e+000  3.080600348301e-002
 553    1.036875009537e+000  3.080009123310e-002
 554    1.038750052452e+000  3.079397131689e-002
 555    1.040624976158e+000  3.078764826991e-002
 556    1.042500019073e+000  3.078111713752e-002
 557    1.044374942780e+000  3.077437551692e-002
 558    1.046249985695e+000  3.076741605066e-002
 559    1.048125028610e+000  3.076023285277e-002
 560    1.049999952316e+000  3.075282030739e-002
 561    1.051874995232e+000  3.074516718276e-002
 562    1.053750038147e+000  3.073726732284e-002
 563    1.055624961853e+000  3.072911096737e-002
 564    1.057500004768e+000  3.072069075890e-002
 565    1.059375047684e+000  3.071199906990e-002
 566    1.061249971390e+000  3.070302761160e-002
 567    1.063125014305e+000  3.069377329201e-002
 568    1.065000057220e+000  3.068422875367e-002
 569    1.066874980927e+000  3.067439531907e-002
 570    1.068750023842e+000  3.066426962614e-002
 571    1.070624947548e+000  3.065385260619e-002
 572    1.072499990463e+000  3.064314957708e-002
 573    1.074375033379e+000  3.063216186129e-002
 574    1.076249957085e+000  3.062089798972e-002
 575    1.078125000000e+000  3.060936622322e-002
 576    1.080000042915e+000  3.059757509269e-002
 577    1.081874966621e+000  3.058553700335e-002
 578    1.083750009537e+000  3.057326409034e-002
 579    1.085625052452e+000  3.056076915003e-002
 580    1.087499976158e+000  3.054806726053e-002
 581    1.089375019073e+000  3.053517175838e-002
 582    1.091249942780e+000  3.052209838293e-002
 583    1.093124985695e+000  3.050886500627e-002
 584    1.095000028610e+000  3.049548403360e-002
 585    1.096874952316e+000  3.048197213560e-002
 586    1.098749995232e+000  3.046834532171e-002
 587    1.100625038147e+000  3.045461839996e-002
 588    1.102499961853e+000  3.044080416672e-002
 589    1.104375004768e+000  3.042691770010e-002
 590    1.106250047684e+000  3.041297206655e-002
 591    1.108124971390e+000  3.039897873998e-002
 592    1.110000014305e+000  3.038494931534e-002
 593    1.111875057220e+000  3.037089433521e-002
 594    1.113749980927e+000  3.035682085901e-002
 595    1.115625023842e+000  3.034273741767e-002
 596    1.117499947548e+000  3.032864866778e-002
 597    1.119374990463e+000  3.031456061639e-002
 598    1.121250033379e+000  3.030047590844e-002
 599    1.123124957085e+000  3.028639466502e-002
 600    1.125000000000e+000  3.027231634595e-002
 601    1.126875042915e+000  3.025823972188e-002
 602    1.128749966621e+000  3.024416037835e-002
 603    1.130625009537e+000  3.023007402197e-002
 604    1.132500052452e+000  3.021597476676e-002
 605    1.134374976158e+000  3.020185657777e-002
 606    1.136250019073e+000  3.018771062605e-002
 607    1.138124942780e+000  3.017353075556e-002
 608    1.139999985695e+000  3.015930759721e-002
 609    1.141875028610e+000  3.014503298327e-002
 610    1.143749952316e+000  3.013070075773e-002
 611    1.145624995232e+000  3.011630635709e-002
 612    1.147500038147e+000  3.010184269398e-002
 613    1.149374961853e+000  3.008730667643e-002
 614    1.151250004768e+000  3.007269575261e-002
 615    1.153125047684e+000  3.005801097490e-002
 616    1.154999971390e+000  3.004325300455e-002
 617    1.156875014305e+000  3.002842475660e-002
 618    1.158750057220e+000  3.001353196800e-002
 619    1.160624980927e+000  2.999858010560e-002
 620    1.162500023842e+000  2.998357917182e-002
 621    1.164374947548e+000  2.996853823774e-002
 622    1.166249990463e+000  2.995346838608e-002
 623    1.168125033379e+000  2.993837814778e-002
 624    1.169999957085e+000  2.992328100838e-002
 625    1.171875000000e+000  2.990819084458e-002
 626    1.173750042915e+000  2.989311967045e-002
 627    1.175624966621e+000  2.987807802856e-002
 628    1.177500009537e+000  2.986307592131e-002
 629    1.179375052452e+000  2.984812869690e-002
 630    1.181249976158e+000  2.983324329369e-002
 631    1.183125019073e+000  2.981843091547e-002
 632    1.184999942780e+000  2.980369970202e-002
 633    1.186874985695e+000  2.978905698285e-002
 634    1.188750028610e+000  2.977451062761e-002
 635    1.190624952316e+000  2.976006610319e-002
 636    1.192499995232e+000  2.974572713487e-002
 637    1.194375038147e+000  2.973150039092e-002
 638    1.196249961853e+000  2.971738920547e-002
 639    1.198125004768e+000  2.970339757390e-002
 640    1.200000047684e+000  2.968952495605e-002
 641    1.201874971390e+000  2.967577561736e-002
 642    1.203750014305e+000  2.966214982793e-002
 643    1.205625057220e+000  2.964864972048e-002
 644    1.207499980927e+000  2.963527262211e-002
 645    1.209375023842e+000  2.962201907299e-002
 646    1.211249947548e+000  2.960888787173e-002
 647    1.213124990463e+000  2.959587661549e-002
 648    1.215000033379e+000  2.958297863603e-002
 649    1.216874957085e+000  2.957019354217e-002
 650    1.218750000000e+000  2.955751265399e-002
 651    1.220625042915e+000  2.954493224621e-002
 652    1.222499966621e+000  2.953244270757e-002
 653    1.224375009537e+000  2.952003736980e-002
 654    1.226250052452e+000  2.950770448893e-002
 655    1.228124976158e+000  2.949543739669e-002
 656    1.230000019073e+000  2.948322501034e-002
 657    1.231874942780e+000  2.947105465457e-002
 658    1.233749985695e+000  2.945891818963e-002
 659    1.235625028610e+000  2.944680279121e-002
 660    1.237499952316e+000  2.943469938822e-002
 661    1.239374995232e+000  2.942259716801e-002
 662    1.241250038147e+000  2.941048691049e-002
 663    1.243124961853e+000  2.939835927449e-002
 664    1.245000004768e+000  2.938620891422e-002
 665    1.246875047684e+000  2.937402714975e-002
 666    1.248749971390e+000  2.936180890538e-002
 667    1.250625014305e+000  2.934955270961e-002
 668    1.252500057220e+000  2.933725294657e-002
 669    1.254374980927e+000  2.932491081767e-002
 670    1.256250023842e+000  2.931252605282e-002
 671    1.258124947548e+000  2.930009904318e-002
 672    1.259999990463e+000  2.928763393313e-002
 673    1.261875033379e+000  2.927513564937e-002
 674    1.263749957085e+000  2.926260659471e-002
 675    1.265625000000e+000  2.925005343743e-002
 676    1.267500042915e+000  2.923748485744e-002
 677    1.269374966621e+000  2.922490698285e-002
 678    1.271250009537e+000  2.921232969500e-002
 679    1.273125052452e+000  2.919975873083e-002
 680    1.274999976158e+000  2.918720676564e-002
 681    1.276875019073e+000  2.917468007654e-002
 682    1.278749942780e+000  2.916219106875e-002
 683    1.280624985695e+000  2.914974695072e-002
 684    1.282500028610e+000  2.913735946640e-002
 685    1.284374952316e+000  2.912503675558e-002
 686    1.286249995232e+000  2.911278788932e-002
 687    1.288125038147e+000  2.910062301904e-002
 688    1.289999961853e+000  2.908855094574e-002
 689    1.291875004768e+000  2.907658101059e-002
 690    1.293750047684e+000  2.906471774913e-002
 691    1.295624971390e+000  2.905297197402e-002
 692    1.297500014305e+000  2.904134969227e-002
 693    1.299375057220e+000  2.902985637076e-002
 694    1.301249980927e+000  2.901849921793e-002
 695    1.303125023842e+000  2.900728156790e-002
 696    1.304999947548e+000  2.899620942771e-002
 697    1.306874990463e+000  2.898528613150e-002
 698    1.308750033379e+000  2.897451582365e-002
 699    1.310624957085e+000  2.896389649250e-002
 700    1.312500000000e+000  2.895343642682e-002
 701    1.314375042915e+000  2.894313028082e-002
 702    1.316249966621e+000  2.893298394047e-002
 703    1.318125009537e+000  2.892299205996e-002
 704    1.320000052452e+000  2.891315544955e-002
 705    1.321874976158e+000  2.890347398818e-002
 706    1.323750019073e+000  2.889394314028e-002
 707    1.325624942780e+000  2.888456038199e-002
 708    1.327499985695e+000  2.887532198802e-002
 709    1.329375028610e+000  2.886622276157e-002
 710    1.331249952316e+000  2.885725777596e-002
 711    1.333124995232e+000  2.884842345491e-002
 712    1.335000038147e+000  2.883971045725e-002
 713    1.336874961853e+000  2.883111253381e-002
 714    1.338750004768e+000  2.882262409665e-002
 715    1.340625047684e+000  2.881423355080e-002
 716    1.342499971390e+000  2.880593464710e-002
 717    1.344375014305e+000  2.879771579057e-002
 718    1.346250057220e+000  2.878956778906e-002
 719    1.348124980927e+000  2.878147772513e-002
 720    1.350000023842e+000  2.877343559638e-002
 721    1.351874947548e+000  2.876542782411e-002
 722    1.353749990463e+000  2.875744173303e-002
 723    1.355625033379e+000  2.874946560711e-002
 724    1.357499957085e+000  2.874148211442e-002
 725    1.359375000000e+000  2.873347911984e-002
 726    1.361250042915e+000  2.872543929145e-002
 727    1.363124966621e+000  2.871735010296e-002
 728    1.365000009537e+000  2.870919581503e-002
 729    1.366875052452e+000  2.870096029714e-002
 730    1.368749976158e+000  2.869262808003e-002
 731    1.370625019073e+000  2.868418435566e-002
 732    1.372499942780e+000  2.867561485618e-002
 733    1.374374985695e+000  2.866690411232e-002
 734    1.376250028610e+000  2.865803998895e-002
 735    1.378124952316e+000  2.864900767803e-002
 736    1.379999995232e+000  2.863979717717e-002
 737    1.381875038147e+000  2.863039487973e-002
 738    1.383749961853e+000  2.862079318613e-002
 739    1.385625004768e+000  2.861098155379e-002
 740    1.387500047684e+000  2.860095358454e-002
 741    1.389374971390e+000  2.859069966711e-002
 742    1.391250014305e+000  2.858021914028e-002
 743    1.393125057220e+000  2.856950719841e-002
 744    1.394999980927e+000  2.855856023729e-002
 745    1.396875023842e+000  2.854737825692e-002
 746    1.398749947548e+000  2.853596579283e-002
 747    1.400624990463e+000  2.852432017215e-002
 748    1.402500033379e+000  2.851245073602e-002
 749    1.404374957085e+000  2.850036054850e-002
 750    1.406250000000e+000  2.848805841058e-002
 751    1.408125042915e+000  2.847555126064e-002
 752    1.409999966621e+000  2.846285030246e-002
 753    1.411875009537e+000  2.844996794127e-002
 754    1.413750052452e+000  2.843691565096e-002
 755    1.415624976158e+000  2.842370529659e-002
 756    1.417500019073e+000  2.841035141610e-002
 757    1.419374942780e+000  2.839686815627e-002
 758    1.421249985695e+000  2.838327071629e-002
 759    1.423125028610e+000  2.836957603693e-002
 760    1.424999952316e+000  2.835579385050e-002
 761    1.426874995232e+000  2.834194416180e-002
 762    1.428750038147e+000  2.832803430036e-002
 763    1.430624961853e+000  2.831408306956e-002
 764    1.432500004768e+000  2.830010086298e-002
 765    1.434375047684e+000  2.828609807417e-002
 766    1.436249971390e+000  2.827208695933e-002
 767    1.438125014305e+000  2.825807550922e-002
 768    1.440000057220e+000  2.824406997301e-002
 769    1.441874980927e+000  2.823007954285e-002
 770    1.443750023842e+000  2.821611085907e-002
 771    1.445624947548e+000  2.820216896944e-002
 772    1.447499990463e+000  2.818825531751e-002
 773    1.449375033379e+000  2.817437735386e-002
 774    1.451249957085e+000  2.816053811461e-002
 775    1.453125000000e+000  2.814674051479e-002
 776    1.455000042915e+000  2.813298759051e-002
 777    1.456874966621e+000  2.811928853393e-002
 778    1.458750009537e+000  2.810564184561e-002
 779    1.460625052452e+000  2.809205858037e-002
 780    1.462499976158e+000  2.807854258455e-002
 781    1.464375019073e+000  2.806510425173e-002
 782    1.466249942780e+000  2.805174956098e-002
 783    1.468124985695e+000  2.803849130869e-002
 784    1.470000028610e+000  2.802533988841e-002
 785    1.471874952316e+000  2.801230488345e-002
 786    1.473749995232e+000  2.799940377474e-002
 787    1.475625038147e+000  2.798665028997e-002
 788    1.477499961853e+000  2.797405455261e-002
 789    1.479375004768e+000  2.796163377352e-002
 790    1.481250047684e+000  2.794940141030e-002
 791    1.483124971390e+000  2.793737374246e-002
 792    1.485000014305e+000  2.792556062341e-002
 793    1.486875057220e+000  2.791398046538e-002
 794    1.488749980927e+000  2.790264300071e-002
 795    1.490625023842e+000  2.789155928418e-002
 796    1.492499947548e+000  2.788074078970e-002
 797    1.494374990463e+000  2.787019577809e-002
 798    1.496250033379e+000  2.785993130878e-002
 799    1.498124957085e+000  2.784995471127e-002
 800    1.500000000000e+000  2.784027184360e-002
