 3622    0.000000000000e+000  1.172167649612e+003
 4282    2.500003576279e-002  1.011713008423e+003
 383    5.000001192093e-002  9.418688562012e+002
 2078    7.499998807907e-002  6.452342950439e+002
 1868    1.000000238419e-001  5.192178561401e+002
 2097    1.250000000000e-001  3.875423925781e+002
 1881    1.500000357628e-001  2.786332109833e+002
 2333    1.750000119209e-001  1.967714532471e+002
 1908    1.999999880791e-001  1.283971352005e+002
 2352    2.250000238419e-001  6.846033363342e+001
 1921    2.500000000000e-001  1.345180752277e+001
 2588    2.750000357628e-001 -3.741017665863e+001
 1811    3.000000119209e-001 -8.813589273453e+001
 2607    3.249999880791e-001 -1.389664154053e+002
 1961    3.499999642372e-001 -1.960235841370e+002
 2843    3.750000596046e-001 -2.630395938110e+002
 1988    4.000000357628e-001 -3.653967933655e+002
 2862    4.250000119209e-001 -3.868634973145e+002
 2001    4.499999880791e-001 -3.983760835266e+002
 3098    4.749999642372e-001 -4.010793649292e+002
 2028    5.000000596046e-001 -3.905080535889e+002
 3117    5.250000357628e-001 -3.939068737793e+002
 386    5.500000119209e-001 -3.897479937744e+002
