0.00275203953534587
0.00825611875280570
0.0137601984525395
0.0192642793949392
0.0247683629547281
0.0302724513612379
0.0357765479328630
0.0412806573032175
0.0467847856359253
0.0522889408243290
0.0577931326716419
0.0632973730462811
0.0688016760062980
0.0743060578860053
0.0798105373371096
0.0853151353159129
0.0908198750075036
0.0963247816773034
0.101829882439948
0.107335205935204
0.112840781900586
0.118346640630453
0.123852812311726
0.129359326226934
0.134866209816129
0.140373487590223
0.145881179889624
0.151389301483520
0.156897860006956
0.162406854234705
0.167916272193125
0.173426089113439
0.178936265232307
0.184446743448060
0.189957446843567
0.195468276089293
0.200979106742748
0.206489786463045
0.212000132161760
0.217509927113689
0.223018918054095
0.228526812288906
0.234033274847170
0.239537925733383
0.245040337321702
0.250540031676859
0.256036478124675
0.261529090936761
0.267017226974510
0.272500183382869
0.277977194462279
0.283447431530321
0.288910002890157
0.294363954015384
0.299808267646700
0.305241864255187
0.310663602936186
0.316072282723736
0.321466644330898
0.326845372320646
0.332207097726621
0.337550401088631
0.342873816081213
0.348175833692478
0.353454906575826
0.358709453646559
0.363937865518178
0.369138510457052
0.374309739981657
0.379449893256426
0.384557302182251
0.389630296826646
0.394667211177136
0.399666388847480
0.404626188753779
0.409544990674405
0.414421200737801
0.419253257282334
0.424039636146646
0.428778855573017
0.433469480640056
0.438110127057715
0.442699464454627
0.447236219544038
0.451719179076269
0.456147192434634
0.460519173821557
0.464834104032125
0.469091031816347
0.473289074834923
0.477427420201792
0.481505324641558
0.485522114284043
0.489477184113854
0.493369997080572
0.497200082896025
0.500967036537337
0.504670516445774
0.508310242463638
0.511885993550004
0.515397605294057
0.518844967231720
0.522228019979097
0.525546752195810
0.528801197389155
0.531991430567687
0.535117564750417
0.538179747335526
0.541178156330075
0.544112996439674
0.546984495017939
0.549792897871240
0.552538464910620
0.555221465650904
0.557842174550629
0.560400866186395
0.562897810250104
0.565333266370223
0.567707478733793
0.570020670556914
0.572273038394465
0.574464746294434
0.576595919800852
0.578666639782710
0.580676936036036
0.582626780868129
0.584516082646658
0.586344679332713
0.588112331992978
0.589818718363661
0.591463426469032
0.593045948392579
0.594565674359726
0.596021887656090
0.597413759538979
0.598740344377449
0.600000575083420
0.601193259043400
0.602317074617859
0.603370568262879
0.604352152342892
0.605260103696745
0.606092563019118
0.606847535122629
0.607522890132622
0.608116365658583
0.608625569986018
0.609047986321797
0.609380978131325
0.609621795736819
0.609767583970369
0.609815390854195
0.609762177248807
0.609604827610729
0.609340161804886
0.608964947987642
0.608475916373146
0.607869773825686
0.607143219188311
0.606292959284859
0.605315725489870
0.604208290751568
0.602967486941946
0.601590222339094
0.600073499179583
0.598414431174703
0.596610260800464
0.594658376213482
0.592556327638185
0.590301843079252
0.587892843235754
0.585327455461744
0.582604026640991
0.579721134848109
0.576677599676668
0.573472491182297
0.570105137352253
0.566575130037751
0.562882329296071
0.559026866113717
0.555009143499952
0.550829835956270
0.546489887341228
0.541990507188515
0.537333165539047
0.532519586361400
0.527551739643297
0.522431832265498
0.517162297776930
0.511745785193517
0.506185146953152
0.500483426183467
0.494643843427049
0.488669782970006
0.482564778919987
0.476332501180331
0.469976741527608
0.463501400107052
0.456910472293045
0.450208035790128
0.443398238161358
0.436485284915701
0.429473428344045
0.422366957216935
0.415170187307466
0.407887452824765
0.400523098794866
0.393081474346248
0.385566927046352
0.377983798307525
0.370336419869523
0.362629111190696
0.354866177866150
0.347051911233378
0.339190588673097
0.331286475184305
0.323343824140565
0.315366877109402