4.03931807391184e-06
3.63538613316884e-05
0.000100982910183099
0.000197926272773585
0.000327183397957308
0.000488753091413969
0.000682633177366200
0.000908820138849737
0.00116730877644897
0.00145809193151458
0.00178116032504748
0.00213650256754350
0.00252410539790967
0.00294395421123695
0.00339603393547460
0.00388033031583147
0.00439683166328338
0.00494553111952984
0.00552642948543008
0.00613953865319358
0.00678488567475730
0.00746251748944260
0.00817250632411944
0.00891495576774726
0.00969000751048683
0.0104978487251725
0.0113387200561382
0.0122129241674118
0.0131208347894034
0.0140629061904565
0.0150396829872733
0.0160518101968097
0.0171000434211158
0.0181852590470972
0.0193084643344042
0.0204708072575773
0.0216735859628617
0.0229182576961002
0.0242064470558051
0.0255399534250256
0.0269207574333964
0.0283510263134258
0.0298331180155936
0.0313695838382437
0.0329631694318273
0.0346168150841215
0.0363336539419561
0.0381170087676920
0.0399703880348839
0.0418974810123756
0.0439021556411264
0.0459884433964759
0.0481605231921113
0.0504227039966742
0.0527794077392360
0.0552351506764462
0.0577945231647458
0.0604621679573863
0.0632427572023020
0.0661409683322120
0.0691614590070601
0.0723088410899314
0.0755876544737266
0.0790023407479600
0.0825572163132913
0.0862564454560327
0.0901040158582523
0.0941037150774792
0.0982591058854858
0.102573497251816
0.107049918451019
0.111691095559504
0.116499430661910
0.121476982715811
0.126625450627793
0.131946158180522
0.137440041321826
0.143107640148781
0.148949091687251
0.154964124327615
0.161152053681380
0.167511779153559
0.174041781779382
0.180740125446752
0.187604460979894
0.194632032351503
0.201819684646081
0.209163873626068
0.216660676741007
0.224305805409477
0.232094618313178
0.240022135636299
0.248083054101735
0.256271762630345
0.264582358387275
0.273008663112489
0.281544239588087
0.290182408214080
0.298916263498089
0.307738690295743
0.316642379723620
0.325619844720425
0.334663435218912
0.343765352903099
0.352917665542645
0.362112320912209
0.371341160319957
0.380595931782584
0.389868302896611
0.399149873466529
0.408432187954669
0.417706747824883
0.426965023836982
0.436198468407102
0.445398528107792
0.454556656375690
0.463664326453724
0.472713044643068
0.481694363756228
0.490599897166274
0.499421333385583
0.508150451175261
0.516779135132046
0.525299391481590
0.533703363553334
0.541983348141352
0.550131812383647
0.558141410972313
0.566005003179567
0.573715670034110
0.581266731538489
0.588651763642549
0.595864614441222
0.602899418169835
0.609750609247737
0.616412935721964
0.622881471935475
0.629151629895623
0.635219169168928
0.641080205064662
0.646731214975829
0.652169042672857
0.657390900428496
0.662394368898870
0.667177394654748
0.671738285269468
0.676075701911675
0.680188649427501
0.684076463780429
0.687738796340702
0.691175595850553
0.694387088047570
0.697373752901086
0.700136299909312
0.702675641429138
0.704992864004810
0.707089198032101
0.708965986022216
0.710624649694922
0.712066656081237
0.713293482894684
0.714306583452973
0.715107351431577
0.715697085456234
0.716076954153073
0.716247962002011
0.716210916342541
0.715966395851410
0.715514720727937
0.714855924804414
0.713989729994218
0.712915523239676
0.711632336152545
0.710138827525054
0.708433268957026
0.706513533772511
0.704377089370280
0.702020993125632
0.699441891931418
0.696636025437578
0.693599233018520
0.690326964469513
0.686814294443238
0.683055940505059
0.679046284766778
0.674779398988921
0.670249072867618
0.665448845599898
0.660372040555467
0.655011802910098
0.649361139992680
0.643412964113874
0.637160137679689
0.630595520388344
0.623712018309890
0.616502634643192
0.608960522757359
0.601079043328788
0.592851821966315
0.584272806007704
0.575336321005254
0.566037127429848
0.556370477784034
0.546332174009346
0.535918625011084
0.525126904179644
0.513954806816429
0.502400907562677
0.490464617633483
0.478146241601403
0.465447034241896
0.452369256499359
0.438916230951051
0.425092397337678
0.410903367153929
0.396355974829229
0.381458306391698
0.366219731569936