-2.01965917101535e-06
-1.81769348485678e-05
-5.04915227059359e-05
-9.89635960677943e-05
-0.000163593643459023
-0.000244382717096874
-0.000341332732585552
-0.000454446793859763
-0.000583729511897508
-0.000729187280864376
-0.000890828471175280
-0.00106866349557627
-0.00126270470200220
-0.00147296604540433
-0.00169946249034655
-0.00194220909687141
-0.00220121974371140
-0.00247650544592413
-0.00276807222774929
-0.00307591851658933
-0.00340003202980651
-0.00374038613309652
-0.00409693565666134
-0.00446961216405572
-0.00485831867763905
-0.00526292387400590
-0.00568325577289685
-0.00611909495312363
-0.00657016733932250
-0.00703613661345803
-0.00751659631499424
-0.00801106170287925
-0.00851896146175802
-0.00903962934276024
-0.00957229583676577
-0.0101160799843806
-0.0106699814321413
-0.0112328728485678
-0.0118034928165114
-0.0123804393197401
-0.0129621639455655
-0.0135469669141719
-0.0141329930473557
-0.0147182288941113
-0.0153005011642320
-0.0158774754926053
-0.0164466568772702
-0.0170053911313652
-0.0175508666383532
-0.0180801167065861
-0.0185900188788531
-0.0190773073041773
-0.0195385854832154
-0.0199703397670629
-0.0203689524104575
-0.0207307159247662
-0.0210518488374682
-0.0213285127496786
-0.0215568305818910
-0.0217329058985304
-0.0218528431372272
-0.0219127687610187
-0.0219088523892553
-0.0218373279188092
-0.0216945156203109
-0.0214768446346754
-0.0211808729702483
-0.0208033063431968
-0.0203410190107522
-0.0197910801267460
-0.0191507774149760
-0.0184176386191521
-0.0175894503759473
-0.0166642757300406
-0.0156404699678520
-0.0145166950031404
-0.0132919319498321
-0.0119654905386075
-0.0105370176551592
-0.00900650436167908
-0.00737429151531698
-0.00564107440388083
-0.00380790620929748
-0.00187619879284330
0.000152278806438991
0.00227540371984019
0.00449070418208509
0.00679536594596066
0.00918624006402403
0.0116598519124537
0.0142124112361814
0.0168398232150220
0.0195377004372891
0.0223013756252764
0.0251259149141038
0.0280061316220686
0.0309366003977249
0.0339116717580014
0.0369254868357584
0.0399719921826134
0.0430449545641563
0.0461379757411090
0.0492445072086880
0.0523578648746216
0.0554712436704238
0.0585777321034447
0.0616703267725412
0.0647419468802281
0.0677854487878455
0.0707936406729183
0.0737592973307562
0.0766751751876383
0.0795340275736293
0.0823286203661147
0.0850517480697114
0.0876962503918925
0.0902550293285715
0.0927210668493419
0.0950874430861111
0.0973473553675664
0.0994941380384872
0.101521283064352
0.103422461372462
0.105191544691311
0.106822627430746
0.108310049623688
0.109648420593880
0.110832643186598
0.111857938408162
0.112719870318763
0.113414371036418
0.113937765523369
0.114286795640057
0.114458641646987
0.114450944011421
0.114261824715079
0.113889907846992
0.113334338806516
0.112594801879573
0.111671535860921
0.110565347512046
0.109277622573655
0.107810334119722
0.106166048095485
0.104347925826188
0.102359723299106
0.100205787050177
0.0978910465226807
0.0954210026871531
0.0928017123677722
0.0900397688878664
0.0871422789273963
0.0841168354584567
0.0809714871041568
0.0777147038192096
0.0743553385581297
0.0709025855908712
0.0673659356577530
0.0637551281946750
0.0600801006982892
0.0563509355091226
0.0525778043257922
0.0487709107766050
0.0449404310880417
0.0410964535857010
0.0372489175740144
0.0334075521074006
0.0295818150332779
0.0257808327360211
0.0220133410134591
0.0182876276918117
0.0146114773732706
0.0109921187575251
0.00743617495881148
0.00394961726524247
0.000537722846850441
-0.00279496321216480
-0.00604466119713899
-0.00920838505352406
-0.0122839654032709
-0.0152700670507798
-0.0181662007891686
-0.0209727293549082
-0.0236908674666696
-0.0263226758940995
-0.0288710495854836
-0.0313397000824314
-0.0337331321015146
-0.0360566144524979
-0.0383161454839464
-0.0405184133595129
-0.0426707514648381
-0.0447810892619521
-0.0468578989379920
-0.0489101382107986
-0.0509471896756310
-0.0529787966670379
-0.0550149949783982
-0.0570660425284794
-0.0591423482574205
-0.0612544001829132
-0.0634126925026237
-0.0656276518957564
-0.0679095632015512
-0.0702684952284898
-0.0727142269482078
-0.0752561743909386
-0.0779033184842666
-0.0806641336975958
-0.0835465179206040
-0.0865577233308400
-0.0897042891696121
-0.0929919759637474
-0.0964257004834720
-0.100009472556466
-0.103746333904738
-0.107638312507027
-0.111686381329747