  0.000751  0.000000 -0.000000  0.001503
  0.002254  0.000003 -0.000001  0.003005
  0.003756  0.000008 -0.000003  0.004508
  0.005259  0.000016 -0.000006  0.006010
  0.006761  0.000026 -0.000011  0.007513
  0.008264  0.000038 -0.000016  0.009015
  0.009766  0.000053 -0.000023  0.010518
  0.011269  0.000070 -0.000031  0.012020
  0.012772  0.000090 -0.000041  0.013523
  0.014274  0.000112 -0.000051  0.015025
  0.015777  0.000136 -0.000063  0.016528
  0.017279  0.000163 -0.000076  0.018030
  0.018782  0.000193 -0.000090  0.019533
  0.020284  0.000224 -0.000105  0.021036
  0.021787  0.000258 -0.000121  0.022538
  0.023289  0.000295 -0.000139  0.024041
  0.024792  0.000334 -0.000158  0.025543
  0.026294  0.000375 -0.000178  0.027046
  0.027797  0.000419 -0.000199  0.028548
  0.029299  0.000465 -0.000222  0.030051
  0.030802  0.000514 -0.000245  0.031553
  0.032305  0.000565 -0.000270  0.033056
  0.033807  0.000618 -0.000296  0.034558
  0.035310  0.000674 -0.000324  0.036061
  0.036812  0.000732 -0.000352  0.037563
  0.038315  0.000793 -0.000382  0.039066
  0.039817  0.000856 -0.000413  0.040568
  0.041320  0.000921 -0.000445  0.042071
  0.042822  0.000989 -0.000478  0.043574
  0.044325  0.001059 -0.000513  0.045076
  0.045827  0.001132 -0.000549  0.046579
  0.047330  0.001207 -0.000585  0.048081
  0.048832  0.001284 -0.000624  0.049584
  0.050335  0.001364 -0.000663  0.051086
  0.051837  0.001446 -0.000704  0.052589
  0.053340  0.001531 -0.000745  0.054091
  0.054843  0.001618 -0.000788  0.055594
  0.056345  0.001707 -0.000832  0.057096
  0.057848  0.001799 -0.000878  0.058599
  0.059350  0.001893 -0.000924  0.060101
  0.060853  0.001990 -0.000972  0.061604
  0.062355  0.002089 -0.001021  0.063107
  0.063858  0.002190 -0.001071  0.064609
  0.065360  0.002294 -0.001123  0.066112
  0.066863  0.002400 -0.001176  0.067614
  0.068365  0.002509 -0.001230  0.069117
  0.069868  0.002620 -0.001285  0.070619
  0.071370  0.002733 -0.001341  0.072122
  0.072873  0.002849 -0.001399  0.073624
  0.074375  0.002967 -0.001457  0.075127
  0.075878  0.003088 -0.001517  0.076629
  0.077380  0.003211 -0.001579  0.078132
  0.078883  0.003336 -0.001641  0.079634
  0.080385  0.003464 -0.001705  0.081137
  0.081888  0.003595 -0.001769  0.082640
  0.083390  0.003727 -0.001835  0.084142
  0.084893  0.003863 -0.001902  0.085645
  0.086395  0.004000 -0.001970  0.087147
  0.087898  0.004140 -0.002040  0.088650
  0.089401  0.004283 -0.002110  0.090152
  0.090903  0.004428 -0.002182  0.091655
  0.092406  0.004575 -0.002255  0.093157
  0.093908  0.004725 -0.002329  0.094660
  0.095411  0.004877 -0.002404  0.096162
  0.096913  0.005032 -0.002481  0.097665
  0.098416  0.005189 -0.002559  0.099167
  0.099918  0.005348 -0.002638  0.100670
  0.101421  0.005509 -0.002718  0.102172
  0.102923  0.005673 -0.002800  0.103675
  0.104426  0.005840 -0.002883  0.105178
  0.105928  0.006009 -0.002967  0.106680
  0.107431  0.006180 -0.003053  0.108183
  0.108933  0.006354 -0.003139  0.109685
  0.110436  0.006530 -0.003227  0.111188
  0.111938  0.006708 -0.003315  0.112690
  0.113441  0.006889 -0.003405  0.114193
  0.114943  0.007073 -0.003496  0.115695
  0.116446  0.007259 -0.003588  0.117198
  0.117948  0.007447 -0.003681  0.118700
  0.119451  0.007638 -0.003776  0.120203
  0.120953  0.007831 -0.003872  0.121705
  0.122456  0.008027 -0.003969  0.123208
  0.123958  0.008224 -0.004067  0.124711
  0.125461  0.008425 -0.004167  0.126213
  0.126964  0.008627 -0.004268  0.127716
  0.128466  0.008832 -0.004370  0.129218
  0.129969  0.009040 -0.004473  0.130721
  0.131471  0.009250 -0.004577  0.132223
  0.132974  0.009462 -0.004682  0.133726
  0.134476  0.009677 -0.004789  0.135228
  0.135979  0.009894 -0.004897  0.136731
  0.137481  0.010113 -0.005006  0.138233
  0.138984  0.010335 -0.005116  0.139736
  0.140487  0.010559 -0.005228  0.141238
  0.141989  0.010785 -0.005341  0.142741
  0.143492  0.011014 -0.005455  0.144244
  0.144994  0.011245 -0.005571  0.145746
  0.146497  0.011479 -0.005688  0.147249
  0.147999  0.011714 -0.005806  0.148751
  0.149502  0.011953 -0.005925  0.150254
  0.151004  0.012193 -0.006045  0.151756
  0.152507  0.012436 -0.006167  0.153259
  0.154010  0.012682 -0.006290  0.154761
  0.155512  0.012930 -0.006414  0.156264
  0.157015  0.013180 -0.006540  0.157766
  0.158517  0.013433 -0.006666  0.159269
  0.160020  0.013688 -0.006794  0.160771
  0.161522  0.013945 -0.006923  0.162274
  0.163025  0.014205 -0.007053  0.163776
  0.164527  0.014468 -0.007184  0.165279
  0.166030  0.014733 -0.007317  0.166782
  0.167532  0.015000 -0.007451  0.168284
  0.169035  0.015270 -0.007585  0.169787
  0.170537  0.015542 -0.007721  0.171289
  0.172040  0.015817 -0.007859  0.172792
  0.173542  0.016094 -0.007997  0.174294
  0.175045  0.016374 -0.008137  0.175797
  0.176547  0.016656 -0.008277  0.177299
  0.178050  0.016941 -0.008419  0.178802
  0.179552  0.017228 -0.008562  0.180304
  0.181055  0.017517 -0.008706  0.181807
  0.182557  0.017810 -0.008851  0.183309
  0.184060  0.018104 -0.008997  0.184812
  0.185562  0.018401 -0.009145  0.186315
  0.187064  0.018700 -0.009294  0.187817
  0.188567  0.019002 -0.009443  0.189320
  0.190069  0.019306 -0.009594  0.190822
  0.191572  0.019613 -0.009747  0.192325
  0.193074  0.019922 -0.009900  0.193827
  0.194577  0.020233 -0.010054  0.195330
  0.196079  0.020547 -0.010210  0.196832
  0.197582  0.020863 -0.010367  0.198335
  0.199084  0.021181 -0.010526  0.199837
  0.200586  0.021502 -0.010685  0.201340
  0.202089  0.021826 -0.010846  0.202842
  0.203591  0.022151 -0.011008  0.204345
  0.205094  0.022480 -0.011171  0.205848
  0.206597  0.022810 -0.011336  0.207350
  0.208099  0.023143 -0.011501  0.208853
  0.209602  0.023479 -0.011668  0.210355
  0.211104  0.023816 -0.011836  0.211858
  0.212607  0.024156 -0.012006  0.213360
  0.214109  0.024499 -0.012176  0.214863
  0.215612  0.024844 -0.012347  0.216365
  0.217115  0.025191 -0.012520  0.217868
  0.218617  0.025541 -0.012694  0.219370
  0.220120  0.025893 -0.012869  0.220873
  0.221622  0.026248 -0.013045  0.222375
  0.223125  0.026605 -0.013223  0.223878
  0.224628  0.026964 -0.013401  0.225381
  0.226130  0.027326 -0.013581  0.226883
  0.227633  0.027690 -0.013762  0.228386
  0.229136  0.028057 -0.013945  0.229888
  0.230638  0.028426 -0.014128  0.231391
  0.232141  0.028797 -0.014312  0.232893
  0.233643  0.029172 -0.014498  0.234396
  0.235146  0.029548 -0.014685  0.235898
  0.236649  0.029927 -0.014873  0.237401
  0.238151  0.030308 -0.015062  0.238903
  0.239654  0.030692 -0.015252  0.240406
  0.241157  0.031078 -0.015443  0.241908
  0.242659  0.031467 -0.015636  0.243411
  0.244162  0.031858 -0.015830  0.244913
  0.245664  0.032252 -0.016025  0.246416
  0.247167  0.032648 -0.016221  0.247919
  0.248670  0.033047 -0.016418  0.249421
  0.250172  0.033448 -0.016617  0.250924
  0.251675  0.033852 -0.016816  0.252426
  0.253177  0.034259 -0.017016  0.253929
  0.254680  0.034668 -0.017217  0.255431
  0.256182  0.035080 -0.017419  0.256934
  0.257685  0.035495 -0.017622  0.258436
  0.259187  0.035913 -0.017826  0.259939
  0.260689  0.036334 -0.018031  0.261441
  0.262192  0.036757 -0.018238  0.262944
  0.263694  0.037183 -0.018445  0.264446
  0.265196  0.037611 -0.018653  0.265949
  0.266698  0.038043 -0.018862  0.267452
  0.268200  0.038477 -0.019072  0.268954
  0.269702  0.038915 -0.019282  0.270457
  0.271204  0.039357 -0.019493  0.271959
  0.272705  0.039801 -0.019704  0.273462
  0.274207  0.040249 -0.019916  0.274964
  0.275708  0.040700 -0.020128  0.276467
  0.277210  0.041155 -0.020341  0.277969
  0.278711  0.041613 -0.020554  0.279472
  0.280212  0.042074 -0.020767  0.280974
  0.281713  0.042540 -0.020980  0.282477
  0.283214  0.043010 -0.021194  0.283979
  0.284715  0.043483 -0.021407  0.285482
  0.286215  0.043961 -0.021620  0.286985
  0.287715  0.044444 -0.021832  0.288487
  0.289215  0.044931 -0.022044  0.289990
  0.290715  0.045422 -0.022255  0.291492
  0.292214  0.045919 -0.022466  0.292995
  0.293713  0.046422 -0.022675  0.294497
  0.295211  0.046929 -0.022883  0.296000
  0.296710  0.047443 -0.023089  0.297502
  0.298207  0.047962 -0.023294  0.299005
  0.299705  0.048488 -0.023497  0.300507
  0.301201  0.049019 -0.023699  0.302010
  0.302698  0.049557 -0.023898  0.303512
  0.304193  0.050103 -0.024095  0.305015
  0.305688  0.050655 -0.024289  0.306517
  0.307183  0.051215 -0.024481  0.308020
  0.308676  0.051783 -0.024669  0.309523
  0.310169  0.052359 -0.024854  0.311025
  0.311661  0.052944 -0.025035  0.312528
  0.313153  0.053538 -0.025212  0.314030
  0.314643  0.054142 -0.025384  0.315533
  0.316133  0.054755 -0.025552  0.317035
  0.317621  0.055379 -0.025714  0.318538
  0.319109  0.056014 -0.025871  0.320040
  0.320595  0.056660 -0.026023  0.321543
  0.322080  0.057319 -0.026167  0.323045
  0.323564  0.057989 -0.026305  0.324548
  0.325046  0.058673 -0.026436  0.326050
  0.326527  0.059369 -0.026560  0.327553
  0.328007  0.060080 -0.026675  0.329056
  0.329485  0.060805 -0.026783  0.330558
  0.330961  0.061544 -0.026881  0.332061
  0.332436  0.062299 -0.026970  0.333563
  0.333908  0.063071 -0.027050  0.335066
  0.335379  0.063858 -0.027120  0.336568
  0.336848  0.064663 -0.027178  0.338071
  0.338315  0.065486 -0.027227  0.339573
  0.339780  0.066327 -0.027263  0.341076
  0.341242  0.067187 -0.027287  0.342578
  0.342702  0.068067 -0.027299  0.344081
  0.344160  0.068966 -0.027298  0.345583
  0.345615  0.069887 -0.027284  0.347086
  0.347067  0.070828 -0.027256  0.348589
  0.348517  0.071792 -0.027213  0.350091
  0.349964  0.072777 -0.027156  0.351594
  0.351408  0.073786 -0.027084  0.353096
  0.352849  0.074817 -0.026997  0.354599
  0.354286  0.075872 -0.026893  0.356101
  0.355721  0.076952 -0.026773  0.357604
  0.357152  0.078056 -0.026637  0.359106
  0.358580  0.079186 -0.026482  0.360609
  0.360005  0.080342 -0.026311  0.362111
  0.361426  0.081524 -0.026121  0.363614
  0.362843  0.082733 -0.025913  0.365116
  0.364257  0.083968 -0.025687  0.366619
  0.365667  0.085230 -0.025442  0.368121
  0.367073  0.086519 -0.025178  0.369624
  0.368476  0.087836 -0.024896  0.371127
  0.369875  0.089180 -0.024594  0.372629
  0.371270  0.090552 -0.024274  0.374132
  0.372661  0.091952 -0.023934  0.375634
  0.374049  0.093380 -0.023575  0.377137
  0.375433  0.094835 -0.023197  0.378639
  0.376812  0.096318 -0.022800  0.380142
  0.378188  0.097830 -0.022383  0.381644
  0.379560  0.099369 -0.021947  0.383147
  0.380928  0.100936 -0.021491  0.384649
  0.382291  0.102530 -0.021017  0.386152
  0.383652  0.104152 -0.020524  0.387654
  0.385008  0.105800 -0.020013  0.389157
  0.386360  0.107475 -0.019484  0.390660
  0.387709  0.109176 -0.018938  0.392162
  0.389054  0.110902 -0.018374  0.393665
  0.390396  0.112654 -0.017794  0.395167
  0.391734  0.114429 -0.017197  0.396670
  0.393069  0.116229 -0.016585  0.398172
  0.394400  0.118052 -0.015958  0.399675
  0.395729  0.119897 -0.015316  0.401177
  0.397054  0.121764 -0.014661  0.402680
  0.398376  0.123653 -0.013992  0.404182
  0.399696  0.125562 -0.013312  0.405685
  0.401012  0.127491 -0.012619  0.407187
  0.402327  0.129438 -0.011915  0.408690
  0.403639  0.131404 -0.011201  0.410193
  0.404949  0.133387 -0.010478  0.411695
  0.406257  0.135386 -0.009746  0.413198
  0.407563  0.137401 -0.009006  0.414700
  0.408867  0.139431 -0.008260  0.416203
  0.410170  0.141474 -0.007507  0.417705
  0.411471  0.143531 -0.006749  0.419208
  0.412772  0.145599 -0.005987  0.420710
  0.414071  0.147678 -0.005222  0.422213
  0.415370  0.149767 -0.004454  0.423715
  0.416668  0.151866 -0.003685  0.425218
  0.417966  0.153973 -0.002916  0.426720
  0.419264  0.156087 -0.002146  0.428223
  0.420561  0.158209 -0.001377  0.429725
  0.421859  0.160336 -0.000610  0.431228
  0.423157  0.162469  0.000155  0.432731
  0.424455  0.164607  0.000916  0.434233
  0.425755  0.166750  0.001674  0.435736
  0.427054  0.168896  0.002428  0.437238
  0.428355  0.171045  0.003176  0.438741
  0.429656  0.173198  0.003920  0.440243
  0.430959  0.175353  0.004658  0.441746
  0.432263  0.177510  0.005389  0.443248
  0.433568  0.179668  0.006114  0.444751
  0.434875  0.181829  0.006831  0.446253
  0.436183  0.183991  0.007541  0.447756
  0.437492  0.186154  0.008244  0.449258
  0.438803  0.188319  0.008939  0.450761
  0.440116  0.190485  0.009626  0.452264
  0.441430  0.192653  0.010306  0.453766
  0.442745  0.194823  0.010979  0.455269
  0.444062  0.196996  0.011645  0.456771
  0.445381  0.199172  0.012304  0.458274
  0.446701  0.201351  0.012956  0.459776
  0.448023  0.203534  0.013603  0.461279
  0.449345  0.205721  0.014243  0.462781
  0.450669  0.207912  0.014877  0.464284
  0.451994  0.210108  0.015506  0.465786
  0.453321  0.212310  0.016131  0.467289
  0.454648  0.214518  0.016751  0.468791
  0.455976  0.216732  0.017368  0.470294
  0.457305  0.218954  0.017982  0.471797
  0.458634  0.221183  0.018594  0.473299
  0.459964  0.223421  0.019204  0.474802
  0.461295  0.225669  0.019813  0.476304
  0.462625  0.227926  0.020421  0.477807
  0.463956  0.230194  0.021030  0.479309
  0.465287  0.232474  0.021640  0.480812
  0.466617  0.234765  0.022252  0.482314
  0.467947  0.237069  0.022866  0.483817
  0.469277  0.239385  0.023483  0.485319
  0.470606  0.241715  0.024103  0.486822
  0.471935  0.244059  0.024727  0.488324
  0.473262  0.246417  0.025355  0.489827
  0.474589  0.248789  0.025988  0.491329
  0.475915  0.251177  0.026627  0.492832
  0.477240  0.253579  0.027271  0.494335
  0.478563  0.255997  0.027921  0.495837
  0.479886  0.258430  0.028576  0.497340
  0.481207  0.260879  0.029238  0.498842
  0.482527  0.263343  0.029905  0.500345
  0.483846  0.265822  0.030579  0.501847
  0.485164  0.268317  0.031258  0.503350
  0.486480  0.270825  0.031942  0.504852
  0.487796  0.273348  0.032631  0.506355
  0.489110  0.275884  0.033326  0.507857
  0.490424  0.278435  0.034025  0.509360
  0.491736  0.280999  0.034728  0.510862
  0.493048  0.283575  0.035435  0.512365
  0.494359  0.286164  0.036145  0.513868
  0.495670  0.288763  0.036857  0.515370
  0.496981  0.291373  0.037569  0.516873
  0.498291  0.293992  0.038281  0.518375
  0.499602  0.296620  0.038994  0.519878
  0.500912  0.299257  0.039705  0.521380
  0.502223  0.301902  0.040413  0.522883
  0.503535  0.304553  0.041119  0.524385
  0.504848  0.307210  0.041821  0.525888
  0.506162  0.309872  0.042517  0.527390
  0.507477  0.312539  0.043208  0.528893
  0.508795  0.315209  0.043892  0.530395
  0.510114  0.317882  0.044567  0.531898
  0.511435  0.320557  0.045233  0.533401
  0.512758  0.323233  0.045890  0.534903
  0.514084  0.325909  0.046535  0.536406
  0.515413  0.328586  0.047169  0.537908
  0.516744  0.331263  0.047791  0.539411
  0.518078  0.333938  0.048399  0.540913
  0.519416  0.336612  0.048993  0.542416
  0.520757  0.339285  0.049574  0.543918
  0.522101  0.341957  0.050141  0.545421
  0.523449  0.344627  0.050694  0.546923
  0.524800  0.347296  0.051232  0.548426
  0.526154  0.349963  0.051755  0.549928
  0.527513  0.352629  0.052264  0.551431
  0.528874  0.355294  0.052759  0.552933
  0.530239  0.357958  0.053240  0.554436
  0.531607  0.360623  0.053707  0.555939
  0.532979  0.363289  0.054162  0.557441
  0.534353  0.365956  0.054605  0.558944
  0.535730  0.368626  0.055038  0.560446
  0.537109  0.371300  0.055460  0.561949
  0.538491  0.373977  0.055873  0.563451
  0.539874  0.376660  0.056279  0.564954
  0.541259  0.379349  0.056679  0.566456
  0.542645  0.382047  0.057074  0.567959
  0.544032  0.384754  0.057467  0.569461
  0.545419  0.387470  0.057858  0.570964
  0.546806  0.390199  0.058249  0.572466
  0.548193  0.392940  0.058641  0.573969
  0.549579  0.395696  0.059038  0.575472
  0.550963  0.398467  0.059440  0.576974
  0.552345  0.401256  0.059850  0.578477
  0.553726  0.404063  0.060268  0.579979
  0.555103  0.406889  0.060697  0.581482
  0.556477  0.409736  0.061139  0.582984
  0.557848  0.412605  0.061595  0.584487
  0.559214  0.415496  0.062065  0.585989
  0.560576  0.418410  0.062551  0.587492
  0.561934  0.421348  0.063055  0.588994
  0.563286  0.424310  0.063578  0.590497
  0.564633  0.427298  0.064120  0.591999
  0.565975  0.430311  0.064682  0.593502
  0.567311  0.433349  0.065264  0.595005
  0.568641  0.436412  0.065867  0.596507
  0.569965  0.439500  0.066490  0.598010
  0.571284  0.442612  0.067133  0.599512
  0.572596  0.445748  0.067796  0.601015
  0.573903  0.448907  0.068478  0.602517
  0.575204  0.452088  0.069178  0.604020
  0.576500  0.455289  0.069894  0.605522
  0.577791  0.458510  0.070625  0.607025
  0.579077  0.461748  0.071371  0.608527
  0.580358  0.465002  0.072127  0.610030
  0.581635  0.468270  0.072893  0.611532
  0.582909  0.471550  0.073665  0.613035
  0.584179  0.474841  0.074442  0.614538
  0.585447  0.478139  0.075221  0.616040
  0.586713  0.481443  0.075999  0.617543
  0.587977  0.484751  0.076774  0.619045
  0.589240  0.488061  0.077541  0.620548
  0.590503  0.491369  0.078300  0.622050
  0.591766  0.494675  0.079046  0.623553
  0.593031  0.497975  0.079777  0.625055
  0.594297  0.501267  0.080489  0.626558
  0.595565  0.504550  0.081180  0.628060
  0.596835  0.507821  0.081847  0.629563
  0.598109  0.511078  0.082487  0.631065
  0.599386  0.514319  0.083097  0.632568
  0.600667  0.517543  0.083676  0.634070
  0.601952  0.520747  0.084222  0.635573
  0.603242  0.523933  0.084732  0.637076
  0.604537  0.527097  0.085206  0.638578
  0.605836  0.530240  0.085641  0.640081
  0.607141  0.533361  0.086038  0.641583
  0.608451  0.536459  0.086395  0.643086
  0.609766  0.539534  0.086712  0.644588
  0.611085  0.542587  0.086989  0.646091
  0.612409  0.545619  0.087228  0.647593
  0.613738  0.548629  0.087428  0.649096
  0.615069  0.551619  0.087592  0.650598
  0.616404  0.554590  0.087721  0.652101
  0.617742  0.557545  0.087817  0.653603
  0.619081  0.560484  0.087883  0.655106
  0.620422  0.563410  0.087921  0.656609
  0.621762  0.566324  0.087933  0.658111
  0.623102  0.569229  0.087925  0.659614
  0.624440  0.572129  0.087898  0.661116
  0.625775  0.575024  0.087858  0.662619
  0.627106  0.577918  0.087807  0.664121
  0.628432  0.580813  0.087749  0.665624
  0.629752  0.583712  0.087689  0.667126
  0.631065  0.586618  0.087631  0.668629
  0.632370  0.589533  0.087578  0.670131
  0.633665  0.592460  0.087535  0.671634
  0.634950  0.595400  0.087506  0.673136
  0.636223  0.598358  0.087495  0.674639
  0.637483  0.601336  0.087506  0.676142
  0.638730  0.604334  0.087541  0.677644
  0.639962  0.607354  0.087604  0.679147
  0.641179  0.610398  0.087698  0.680649
  0.642380  0.613467  0.087825  0.682152
  0.643565  0.616562  0.087985  0.683654
  0.644733  0.619683  0.088183  0.685157
  0.645883  0.622829  0.088416  0.686659
  0.647015  0.626002  0.088688  0.688162
  0.648130  0.629201  0.088997  0.689664
  0.649226  0.632423  0.089343  0.691167
  0.650305  0.635669  0.089725  0.692669
  0.651366  0.638937  0.090142  0.694172
  0.652409  0.642223  0.090591  0.695674
  0.653436  0.645527  0.091069  0.697177
  0.654446  0.648846  0.091575  0.698680
  0.655440  0.652176  0.092103  0.700182
  0.656420  0.655514  0.092650  0.701685
  0.657385  0.658856  0.093212  0.703187
  0.658336  0.662199  0.093784  0.704690
  0.659276  0.665540  0.094362  0.706192
  0.660203  0.668874  0.094940  0.707695
  0.661121  0.672197  0.095513  0.709197
  0.662029  0.675505  0.096076  0.710700
  0.662928  0.678795  0.096623  0.712202
  0.663820  0.682062  0.097148  0.713705
  0.664706  0.685302  0.097647  0.715207
  0.665587  0.688512  0.098113  0.716710
  0.666463  0.691687  0.098543  0.718213
  0.667336  0.694826  0.098931  0.719715
  0.668206  0.697922  0.099271  0.721218
  0.669074  0.700976  0.099562  0.722720
  0.669940  0.703983  0.099798  0.724223
  0.670805  0.706942  0.099976  0.725725
  0.671670  0.709851  0.100094  0.727228
  0.672534  0.712708  0.100150  0.728730
  0.673397  0.715511  0.100141  0.730233
  0.674259  0.718260  0.100066  0.731735
  0.675121  0.720954  0.099924  0.733238
  0.675981  0.723593  0.099715  0.734740
  0.676840  0.726177  0.099441  0.736243
  0.677695  0.728708  0.099102  0.737746
  0.678548  0.731185  0.098700  0.739248
  0.679396  0.733612  0.098238  0.740751
  0.680238  0.735988  0.097718  0.742253
  0.681074  0.738317  0.097144  0.743756
  0.681902  0.740600  0.096519  0.745258
  0.682720  0.742839  0.095848  0.746761
  0.683527  0.745036  0.095135  0.748263
  0.684321  0.747195  0.094384  0.749766
  0.685101  0.749318  0.093602  0.751268
  0.685865  0.751408  0.092793  0.752771
