  0.001202  0.000000  0.001503
  0.002404 -0.000000  0.003005
  0.003606 -0.000001  0.004508
  0.004807 -0.000001  0.006010
  0.006008 -0.000003  0.007513
  0.007208 -0.000004  0.009015
  0.008407 -0.000007  0.010518
  0.009606 -0.000010  0.012020
  0.010804 -0.000015  0.013523
  0.012001 -0.000020  0.015025
  0.013197 -0.000026  0.016528
  0.014392 -0.000033  0.018030
  0.015586 -0.000041  0.019533
  0.016779 -0.000050  0.021036
  0.017971 -0.000060  0.022538
  0.019162 -0.000070  0.024041
  0.020352 -0.000082  0.025543
  0.021541 -0.000095  0.027046
  0.022730 -0.000109  0.028548
  0.023917 -0.000124  0.030051
  0.025104 -0.000140  0.031553
  0.026289 -0.000156  0.033056
  0.027474 -0.000173  0.034558
  0.028658 -0.000192  0.036061
  0.029841 -0.000210  0.037563
  0.031024 -0.000230  0.039066
  0.032206 -0.000250  0.040568
  0.033387 -0.000271  0.042071
  0.034568 -0.000293  0.043574
  0.035749 -0.000314  0.045076
  0.036929 -0.000337  0.046579
  0.038109 -0.000359  0.048081
  0.039288 -0.000382  0.049584
  0.040468 -0.000405  0.051086
  0.041647 -0.000428  0.052589
  0.042826 -0.000452  0.054091
  0.044005 -0.000475  0.055594
  0.045185 -0.000498  0.057096
  0.046364 -0.000522  0.058599
  0.047543 -0.000545  0.060101
  0.048723 -0.000569  0.061604
  0.049902 -0.000592  0.063107
  0.051081 -0.000616  0.064609
  0.052260 -0.000640  0.066112
  0.053439 -0.000664  0.067614
  0.054618 -0.000688  0.069117
  0.055797 -0.000713  0.070619
  0.056975 -0.000738  0.072122
  0.058152 -0.000763  0.073624
  0.059329 -0.000790  0.075127
  0.060505 -0.000817  0.076629
  0.061681 -0.000845  0.078132
  0.062855 -0.000874  0.079634
  0.064029 -0.000903  0.081137
  0.065202 -0.000934  0.082640
  0.066373 -0.000966  0.084142
  0.067544 -0.000999  0.085645
  0.068713 -0.001034  0.087147
  0.069881 -0.001069  0.088650
  0.071047 -0.001106  0.090152
  0.072213 -0.001144  0.091655
  0.073376 -0.001184  0.093157
  0.074539 -0.001225  0.094660
  0.075700 -0.001268  0.096162
  0.076859 -0.001313  0.097665
  0.078016 -0.001359  0.099167
  0.079172 -0.001406  0.100670
  0.080326 -0.001456  0.102172
  0.081479 -0.001507  0.103675
  0.082629 -0.001560  0.105178
  0.083778 -0.001614  0.106680
  0.084926 -0.001670  0.108183
  0.086071 -0.001728  0.109685
  0.087215 -0.001788  0.111188
  0.088357 -0.001849  0.112690
  0.089498 -0.001911  0.114193
  0.090637 -0.001975  0.115695
  0.091775 -0.002041  0.117198
  0.092911 -0.002107  0.118700
  0.094047 -0.002175  0.120203
  0.095181 -0.002244  0.121705
  0.096314 -0.002314  0.123208
  0.097446 -0.002384  0.124711
  0.098578 -0.002456  0.126213
  0.099709 -0.002528  0.127716
  0.100839 -0.002601  0.129218
  0.101969 -0.002674  0.130721
  0.103098 -0.002748  0.132223
  0.104226 -0.002823  0.133726
  0.105354 -0.002898  0.135228
  0.106482 -0.002973  0.136731
  0.107609 -0.003049  0.138233
  0.108736 -0.003125  0.139736
  0.109863 -0.003202  0.141238
  0.110989 -0.003279  0.142741
  0.112114 -0.003356  0.144244
  0.113240 -0.003434  0.145746
  0.114365 -0.003513  0.147249
  0.115489 -0.003592  0.148751
  0.116614 -0.003671  0.150254
  0.117738 -0.003750  0.151756
  0.118861 -0.003830  0.153259
  0.119985 -0.003911  0.154761
  0.121108 -0.003992  0.156264
  0.122231 -0.004073  0.157766
  0.123353 -0.004155  0.159269
  0.124475 -0.004238  0.160771
  0.125596 -0.004321  0.162274
  0.126717 -0.004404  0.163776
  0.127838 -0.004489  0.165279
  0.128957 -0.004574  0.166782
  0.130076 -0.004659  0.168284
  0.131195 -0.004746  0.169787
  0.132312 -0.004834  0.171289
  0.133429 -0.004923  0.172792
  0.134545 -0.005012  0.174294
  0.135659 -0.005103  0.175797
  0.136773 -0.005195  0.177299
  0.137885 -0.005288  0.178802
  0.138996 -0.005383  0.180304
  0.140106 -0.005478  0.181807
  0.141215 -0.005575  0.183309
  0.142323 -0.005673  0.184812
  0.143430 -0.005772  0.186315
  0.144535 -0.005873  0.187817
  0.145639 -0.005974  0.189320
  0.146742 -0.006077  0.190822
  0.147844 -0.006181  0.192325
  0.148945 -0.006286  0.193827
  0.150045 -0.006392  0.195330
  0.151143 -0.006499  0.196832
  0.152241 -0.006607  0.198335
  0.153338 -0.006717  0.199837
  0.154433 -0.006827  0.201340
  0.155528 -0.006938  0.202842
  0.156621 -0.007050  0.204345
  0.157714 -0.007163  0.205848
  0.158805 -0.007277  0.207350
  0.159896 -0.007392  0.208853
  0.160985 -0.007508  0.210355
  0.162073 -0.007625  0.211858
  0.163161 -0.007743  0.213360
  0.164248 -0.007862  0.214863
  0.165333 -0.007981  0.216365
  0.166418 -0.008101  0.217868
  0.167502 -0.008223  0.219370
  0.168586 -0.008344  0.220873
  0.169668 -0.008467  0.222375
  0.170750 -0.008590  0.223878
  0.171832 -0.008714  0.225381
  0.172913 -0.008838  0.226883
  0.173993 -0.008963  0.228386
  0.175073 -0.009089  0.229888
  0.176153 -0.009215  0.231391
  0.177231 -0.009342  0.232893
  0.178310 -0.009469  0.234396
  0.179388 -0.009597  0.235898
  0.180465 -0.009725  0.237401
  0.181542 -0.009854  0.238903
  0.182619 -0.009984  0.240406
  0.183695 -0.010115  0.241908
  0.184770 -0.010246  0.243411
  0.185845 -0.010378  0.244913
  0.186919 -0.010510  0.246416
  0.187993 -0.010644  0.247919
  0.189066 -0.010778  0.249421
  0.190138 -0.010913  0.250924
  0.191209 -0.011049  0.252426
  0.192280 -0.011185  0.253929
  0.193351 -0.011323  0.255431
  0.194421 -0.011461  0.256934
  0.195490 -0.011600  0.258436
  0.196559 -0.011739  0.259939
  0.197627 -0.011880  0.261441
  0.198694 -0.012021  0.262944
  0.199761 -0.012163  0.264446
  0.200827 -0.012306  0.265949
  0.201892 -0.012449  0.267452
  0.202957 -0.012594  0.268954
  0.204021 -0.012739  0.270457
  0.205084 -0.012885  0.271959
  0.206146 -0.013032  0.273462
  0.207207 -0.013180  0.274964
  0.208268 -0.013330  0.276467
  0.209327 -0.013480  0.277969
  0.210385 -0.013631  0.279472
  0.211442 -0.013783  0.280974
  0.212497 -0.013937  0.282477
  0.213552 -0.014091  0.283979
  0.214605 -0.014247  0.285482
  0.215657 -0.014404  0.286985
  0.216708 -0.014562  0.288487
  0.217758 -0.014721  0.289990
  0.218806 -0.014881  0.291492
  0.219854 -0.015043  0.292995
  0.220900 -0.015205  0.294497
  0.221944 -0.015369  0.296000
  0.222988 -0.015533  0.297502
  0.224030 -0.015699  0.299005
  0.225071 -0.015866  0.300507
  0.226111 -0.016034  0.302010
  0.227150 -0.016204  0.303512
  0.228187 -0.016374  0.305015
  0.229223 -0.016546  0.306517
  0.230258 -0.016719  0.308020
  0.231292 -0.016893  0.309523
  0.232324 -0.017068  0.311025
  0.233355 -0.017245  0.312528
  0.234384 -0.017422  0.314030
  0.235413 -0.017601  0.315533
  0.236440 -0.017782  0.317035
  0.237466 -0.017963  0.318538
  0.238490 -0.018146  0.320040
  0.239514 -0.018329  0.321543
  0.240536 -0.018514  0.323045
  0.241558 -0.018700  0.324548
  0.242578 -0.018887  0.326050
  0.243598 -0.019074  0.327553
  0.244617 -0.019263  0.329056
  0.245635 -0.019453  0.330558
  0.246652 -0.019643  0.332061
  0.247668 -0.019834  0.333563
  0.248684 -0.020026  0.335066
  0.249699 -0.020219  0.336568
  0.250714 -0.020413  0.338071
  0.251728 -0.020607  0.339573
  0.252741 -0.020802  0.341076
  0.253753 -0.020999  0.342578
  0.254765 -0.021195  0.344081
  0.255776 -0.021393  0.345583
  0.256786 -0.021591  0.347086
  0.257795 -0.021791  0.348589
  0.258804 -0.021991  0.350091
  0.259812 -0.022192  0.351594
  0.260819 -0.022394  0.353096
  0.261826 -0.022596  0.354599
  0.262832 -0.022799  0.356101
  0.263837 -0.023004  0.357604
  0.264841 -0.023208  0.359106
  0.265844 -0.023414  0.360609
  0.266847 -0.023621  0.362111
  0.267849 -0.023828  0.363614
  0.268851 -0.024036  0.365116
  0.269851 -0.024245  0.366619
  0.270851 -0.024454  0.368121
  0.271850 -0.024665  0.369624
  0.272849 -0.024876  0.371127
  0.273846 -0.025088  0.372629
  0.274843 -0.025301  0.374132
  0.275838 -0.025515  0.375634
  0.276833 -0.025730  0.377137
  0.277826 -0.025947  0.378639
  0.278818 -0.026164  0.380142
  0.279810 -0.026382  0.381644
  0.280800 -0.026601  0.383147
  0.281789 -0.026822  0.384649
  0.282777 -0.027043  0.386152
  0.283763 -0.027266  0.387654
  0.284749 -0.027490  0.389157
  0.285733 -0.027715  0.390660
  0.286717 -0.027941  0.392162
  0.287699 -0.028168  0.393665
  0.288681 -0.028396  0.395167
  0.289661 -0.028625  0.396670
  0.290640 -0.028855  0.398172
  0.291619 -0.029086  0.399675
  0.292596 -0.029318  0.401177
  0.293573 -0.029551  0.402680
  0.294549 -0.029785  0.404182
  0.295524 -0.030020  0.405685
  0.296498 -0.030256  0.407187
  0.297471 -0.030493  0.408690
  0.298443 -0.030731  0.410193
  0.299414 -0.030969  0.411695
  0.300384 -0.031209  0.413198
  0.301354 -0.031450  0.414700
  0.302322 -0.031692  0.416203
  0.303289 -0.031934  0.417705
  0.304256 -0.032178  0.419208
  0.305221 -0.032422  0.420710
  0.306186 -0.032667  0.422213
  0.307150 -0.032914  0.423715
  0.308113 -0.033161  0.425218
  0.309075 -0.033409  0.426720
  0.310036 -0.033657  0.428223
  0.310996 -0.033907  0.429725
  0.311956 -0.034157  0.431228
  0.312915 -0.034408  0.432731
  0.313874 -0.034660  0.434233
  0.314831 -0.034913  0.435736
  0.315788 -0.035166  0.437238
  0.316744 -0.035420  0.438741
  0.317699 -0.035675  0.440243
  0.318654 -0.035930  0.441746
  0.319607 -0.036187  0.443248
  0.320560 -0.036444  0.444751
  0.321512 -0.036703  0.446253
  0.322463 -0.036962  0.447756
  0.323413 -0.037222  0.449258
  0.324362 -0.037483  0.450761
  0.325310 -0.037745  0.452264
  0.326258 -0.038008  0.453766
  0.327204 -0.038272  0.455269
  0.328149 -0.038536  0.456771
  0.329094 -0.038802  0.458274
  0.330037 -0.039069  0.459776
  0.330980 -0.039336  0.461279
  0.331922 -0.039605  0.462781
  0.332863 -0.039874  0.464284
  0.333804 -0.040144  0.465786
  0.334743 -0.040416  0.467289
  0.335682 -0.040688  0.468791
  0.336620 -0.040961  0.470294
  0.337557 -0.041234  0.471797
  0.338494 -0.041509  0.473299
  0.339430 -0.041785  0.474802
  0.340365 -0.042061  0.476304
  0.341299 -0.042339  0.477807
  0.342232 -0.042617  0.479309
  0.343164 -0.042896  0.480812
  0.344096 -0.043177  0.482314
  0.345026 -0.043458  0.483817
  0.345955 -0.043740  0.485319
  0.346884 -0.044024  0.486822
  0.347811 -0.044308  0.488324
  0.348737 -0.044594  0.489827
  0.349663 -0.044880  0.491329
  0.350587 -0.045168  0.492832
  0.351510 -0.045457  0.494335
  0.352432 -0.045746  0.495837
  0.353353 -0.046037  0.497340
  0.354273 -0.046329  0.498842
  0.355192 -0.046621  0.500345
  0.356109 -0.046915  0.501847
  0.357026 -0.047209  0.503350
  0.357942 -0.047505  0.504852
  0.358856 -0.047802  0.506355
  0.359769 -0.048100  0.507857
  0.360681 -0.048399  0.509360
  0.361591 -0.048699  0.510862
  0.362501 -0.049000  0.512365
  0.363408 -0.049302  0.513868
  0.364315 -0.049605  0.515370
  0.365220 -0.049910  0.516873
  0.366123 -0.050216  0.518375
  0.367025 -0.050523  0.519878
  0.367926 -0.050831  0.521380
  0.368825 -0.051141  0.522883
  0.369723 -0.051452  0.524385
  0.370619 -0.051763  0.525888
  0.371514 -0.052076  0.527390
  0.372408 -0.052391  0.528893
  0.373300 -0.052706  0.530395
  0.374192 -0.053022  0.531898
  0.375082 -0.053340  0.533401
  0.375970 -0.053658  0.534903
  0.376858 -0.053978  0.536406
  0.377745 -0.054298  0.537908
  0.378631 -0.054620  0.539411
  0.379516 -0.054942  0.540913
  0.380400 -0.055266  0.542416
  0.381283 -0.055590  0.543918
  0.382165 -0.055915  0.545421
  0.383046 -0.056241  0.546923
  0.383926 -0.056569  0.548426
  0.384805 -0.056897  0.549928
  0.385684 -0.057226  0.551431
  0.386562 -0.057555  0.552933
  0.387438 -0.057886  0.554436
  0.388314 -0.058218  0.555939
  0.389190 -0.058550  0.557441
  0.390064 -0.058884  0.558944
  0.390938 -0.059218  0.560446
  0.391811 -0.059553  0.561949
  0.392683 -0.059888  0.563451
  0.393555 -0.060225  0.564954
  0.394426 -0.060562  0.566456
  0.395297 -0.060900  0.567959
  0.396167 -0.061239  0.569461
  0.397036 -0.061578  0.570964
  0.397905 -0.061919  0.572466
  0.398773 -0.062260  0.573969
  0.399640 -0.062601  0.575472
  0.400507 -0.062944  0.576974
  0.401372 -0.063287  0.578477
  0.402237 -0.063632  0.579979
  0.403101 -0.063977  0.581482
  0.403964 -0.064323  0.582984
  0.404826 -0.064670  0.584487
  0.405686 -0.065018  0.585989
  0.406546 -0.065367  0.587492
  0.407404 -0.065717  0.588994
  0.408261 -0.066069  0.590497
  0.409117 -0.066421  0.591999
  0.409972 -0.066774  0.593502
  0.410825 -0.067129  0.595005
  0.411677 -0.067484  0.596507
  0.412528 -0.067841  0.598010
  0.413377 -0.068199  0.599512
  0.414225 -0.068558  0.601015
  0.415072 -0.068918  0.602517
  0.415918 -0.069279  0.604020
  0.416763 -0.069641  0.605522
  0.417606 -0.070004  0.607025
  0.418448 -0.070369  0.608527
  0.419289 -0.070734  0.610030
  0.420129 -0.071101  0.611532
  0.420967 -0.071468  0.613035
  0.421805 -0.071837  0.614538
  0.422641 -0.072207  0.616040
  0.423476 -0.072577  0.617543
  0.424310 -0.072949  0.619045
  0.425142 -0.073322  0.620548
  0.425974 -0.073696  0.622050
  0.426804 -0.074071  0.623553
  0.427633 -0.074447  0.625055
  0.428461 -0.074824  0.626558
  0.429288 -0.075202  0.628060
  0.430115 -0.075581  0.629563
  0.430940 -0.075961  0.631065
  0.431764 -0.076341  0.632568
  0.432588 -0.076722  0.634070
  0.433411 -0.077105  0.635573
  0.434233 -0.077488  0.637076
  0.435055 -0.077871  0.638578
  0.435876 -0.078256  0.640081
  0.436696 -0.078641  0.641583
  0.437516 -0.079027  0.643086
  0.438335 -0.079413  0.644588
  0.439153 -0.079801  0.646091
  0.439971 -0.080189  0.647593
  0.440788 -0.080577  0.649096
  0.441604 -0.080967  0.650598
  0.442419 -0.081357  0.652101
  0.443233 -0.081749  0.653603
  0.444047 -0.082141  0.655106
  0.444860 -0.082534  0.656609
  0.445671 -0.082928  0.658111
  0.446482 -0.083322  0.659614
  0.447292 -0.083718  0.661116
  0.448101 -0.084114  0.662619
  0.448908 -0.084512  0.664121
  0.449715 -0.084910  0.665624
  0.450521 -0.085309  0.667126
  0.451326 -0.085709  0.668629
  0.452130 -0.086110  0.670131
  0.452933 -0.086512  0.671634
  0.453735 -0.086915  0.673136
  0.454536 -0.087319  0.674639
  0.455336 -0.087724  0.676142
  0.456135 -0.088130  0.677644
  0.456933 -0.088537  0.679147
  0.457730 -0.088944  0.680649
  0.458526 -0.089353  0.682152
  0.459320 -0.089763  0.683654
  0.460114 -0.090174  0.685157
  0.460906 -0.090586  0.686659
  0.461697 -0.091000  0.688162
  0.462486 -0.091414  0.689664
  0.463274 -0.091829  0.691167
  0.464061 -0.092246  0.692669
  0.464847 -0.092664  0.694172
  0.465632 -0.093083  0.695674
  0.466415 -0.093502  0.697177
  0.467197 -0.093923  0.698680
  0.467978 -0.094345  0.700182
  0.468758 -0.094768  0.701685
  0.469536 -0.095192  0.703187
  0.470314 -0.095617  0.704690
  0.471090 -0.096043  0.706192
  0.471866 -0.096470  0.707695
  0.472640 -0.096898  0.709197
  0.473413 -0.097327  0.710700
  0.474185 -0.097757  0.712202
  0.474956 -0.098188  0.713705
  0.475726 -0.098619  0.715207
  0.476495 -0.099052  0.716710
  0.477262 -0.099486  0.718213
  0.478029 -0.099920  0.719715
  0.478794 -0.100356  0.721218
  0.479557 -0.100793  0.722720
  0.480320 -0.101230  0.724223
  0.481081 -0.101669  0.725725
  0.481841 -0.102108  0.727228
  0.482599 -0.102549  0.728730
  0.483356 -0.102991  0.730233
  0.484112 -0.103433  0.731735
  0.484867 -0.103877  0.733238
  0.485620 -0.104321  0.734740
  0.486373 -0.104767  0.736243
  0.487124 -0.105213  0.737746
  0.487873 -0.105660  0.739248
  0.488622 -0.106109  0.740751
  0.489370 -0.106558  0.742253
  0.490116 -0.107008  0.743756
  0.490862 -0.107459  0.745258
  0.491606 -0.107911  0.746761
  0.492349 -0.108364  0.748263
  0.493091 -0.108818  0.749766
  0.493832 -0.109272  0.751268
  0.494571 -0.109728  0.752771
