  0.005542 -0.000000  0.006927
  0.011081 -0.000002  0.013855
  0.016617 -0.000008  0.020782
  0.022148 -0.000019  0.027709
  0.027671 -0.000038  0.034636
  0.033186 -0.000065  0.041564
  0.038690 -0.000102  0.048491
  0.044183 -0.000152  0.055418
  0.049662 -0.000215  0.062346
  0.055127 -0.000292  0.069273
  0.060576 -0.000385  0.076200
  0.066009 -0.000494  0.083127
  0.071424 -0.000621  0.090055
  0.076821 -0.000767  0.096982
  0.082198 -0.000932  0.103909
  0.087556 -0.001117  0.110836
  0.092894 -0.001323  0.117764
  0.098212 -0.001549  0.124691
  0.103508 -0.001797  0.131618
  0.108783 -0.002067  0.138546
  0.114036 -0.002359  0.145473
  0.119268 -0.002673  0.152400
  0.124477 -0.003010  0.159327
  0.129665 -0.003369  0.166255
  0.134831 -0.003751  0.173182
  0.139976 -0.004155  0.180109
  0.145099 -0.004581  0.187037
  0.150200 -0.005030  0.193964
  0.155280 -0.005500  0.200891
  0.160340 -0.005992  0.207818
  0.165380 -0.006505  0.214746
  0.170400 -0.007039  0.221673
  0.175401 -0.007592  0.228600
  0.180384 -0.008165  0.235528
  0.185349 -0.008757  0.242455
  0.190297 -0.009366  0.249382
  0.195230 -0.009992  0.256309
  0.200147 -0.010635  0.263237
  0.205050 -0.011294  0.270164
  0.209940 -0.011966  0.277091
  0.214818 -0.012653  0.284018
  0.219684 -0.013353  0.290946
  0.224539 -0.014065  0.297873
  0.229385 -0.014789  0.304800
  0.234222 -0.015524  0.311728
  0.239051 -0.016268  0.318655
  0.243872 -0.017023  0.325582
  0.248686 -0.017787  0.332509
  0.253494 -0.018559  0.339437
  0.258295 -0.019340  0.346364
  0.263090 -0.020130  0.353291
  0.267880 -0.020927  0.360219
  0.272663 -0.021732  0.367146
  0.277441 -0.022546  0.374073
  0.282214 -0.023368  0.381000
  0.286980 -0.024197  0.387928
  0.291741 -0.025036  0.394855
  0.296495 -0.025883  0.401782
  0.301242 -0.026738  0.408709
  0.305983 -0.027603  0.415637
  0.310716 -0.028477  0.422564
  0.315442 -0.029362  0.429491
  0.320159 -0.030256  0.436419
  0.324869 -0.031161  0.443346
  0.329569 -0.032078  0.450273
  0.334260 -0.033005  0.457200
  0.338941 -0.033945  0.464128
  0.343612 -0.034897  0.471055
  0.348272 -0.035862  0.477982
  0.352920 -0.036841  0.484910
  0.357557 -0.037834  0.491837
  0.362181 -0.038841  0.498764
  0.366792 -0.039864  0.505691
  0.371389 -0.040902  0.512619
  0.375971 -0.041958  0.519546
  0.380537 -0.043031  0.526473
  0.385087 -0.044122  0.533401
  0.389620 -0.045232  0.540328
  0.394133 -0.046363  0.547255
  0.398628 -0.047514  0.554182
  0.403101 -0.048687  0.561110
  0.407552 -0.049883  0.568037
  0.411979 -0.051103  0.574964
  0.416382 -0.052347  0.581891
  0.420758 -0.053617  0.588819
  0.425107 -0.054914  0.595746
  0.429427 -0.056239  0.602673
  0.433716 -0.057592  0.609601
  0.437974 -0.058974  0.616528
  0.442198 -0.060387  0.623455
  0.446388 -0.061831  0.630382
  0.450542 -0.063306  0.637310
  0.454659 -0.064814  0.644237
  0.458738 -0.066354  0.651164
  0.462778 -0.067928  0.658092
  0.466778 -0.069535  0.665019
  0.470737 -0.071176  0.671946
  0.474655 -0.072851  0.678873
  0.478531 -0.074560  0.685801
  0.482365 -0.076302  0.692728
  0.486156 -0.078078  0.699655
  0.489904 -0.079887  0.706583
  0.493610 -0.081730  0.713510
  0.497274 -0.083604  0.720437
  0.500896 -0.085510  0.727364
  0.504476 -0.087447  0.734292
  0.508016 -0.089415  0.741219
  0.511516 -0.091411  0.748146
  0.514977 -0.093437  0.755073
  0.518400 -0.095489  0.762001
  0.521787 -0.097568  0.768928
  0.525138 -0.099672  0.775855
  0.528455 -0.101801  0.782783
  0.531739 -0.103952  0.789710
  0.534992 -0.106126  0.796637
  0.538215 -0.108320  0.803564
  0.541410 -0.110535  0.810492
  0.544578 -0.112768  0.817419
  0.547722 -0.115019  0.824346
  0.550841 -0.117287  0.831274
  0.553938 -0.119571  0.838201
  0.557014 -0.121870  0.845128
  0.560071 -0.124184  0.852055
  0.563110 -0.126511  0.858983
  0.566131 -0.128850  0.865910
  0.569137 -0.131203  0.872837
  0.572128 -0.133567  0.879765
  0.575105 -0.135942  0.886692
  0.578070 -0.138329  0.893619
  0.581022 -0.140726  0.900546
  0.583964 -0.143133  0.907474
  0.586895 -0.145550  0.914401
  0.589817 -0.147977  0.921328
  0.592730 -0.150414  0.928255
  0.595635 -0.152861  0.935183
  0.598531 -0.155316  0.942110
  0.601421 -0.157782  0.949037
  0.604303 -0.160256  0.955965
  0.607179 -0.162740  0.962892
  0.610049 -0.165233  0.969819
  0.612913 -0.167735  0.976746
  0.615771 -0.170247  0.983674
  0.618624 -0.172768  0.990601
  0.621471 -0.175298  0.997528
  0.624312 -0.177839  1.004456
  0.627148 -0.180388  1.011383
  0.629979 -0.182948  1.018310
  0.632803 -0.185517  1.025237
  0.635621 -0.188096  1.032165
  0.638433 -0.190686  1.039092
  0.641237 -0.193286  1.046019
  0.644034 -0.195897  1.052947
  0.646823 -0.198518  1.059874
  0.649604 -0.201151  1.066801
  0.652375 -0.203794  1.073728
  0.655136 -0.206449  1.080656
  0.657887 -0.209115  1.087583
  0.660627 -0.211793  1.094510
  0.663355 -0.214483  1.101437
  0.666070 -0.217185  1.108365
  0.668772 -0.219899  1.115292
  0.671460 -0.222624  1.122219
  0.674133 -0.225362  1.129147
  0.676792 -0.228112  1.136074
  0.679434 -0.230874  1.143001
  0.682060 -0.233647  1.149928
  0.684670 -0.236433  1.156856
  0.687262 -0.239229  1.163783
  0.689837 -0.242037  1.170710
  0.692394 -0.244856  1.177638
  0.694932 -0.247685  1.184565
  0.697452 -0.250525  1.191492
  0.699952 -0.253374  1.198419
