  0.004849  0.000013 -0.000006  0.009698
  0.014547  0.000113 -0.000056  0.019396
  0.024245  0.000314 -0.000156  0.029095
  0.033944  0.000616 -0.000306  0.038793
  0.043642  0.001017 -0.000506  0.048491
  0.053340  0.001519 -0.000757  0.058189
  0.063039  0.002122 -0.001057  0.067887
  0.072738  0.002824 -0.001408  0.077586
  0.082437  0.003627 -0.001810  0.087284
  0.092136  0.004529 -0.002262  0.096982
  0.101836  0.005532 -0.002764  0.106680
  0.111537  0.006634 -0.003317  0.116378
  0.121238  0.007837 -0.003921  0.126076
  0.130940  0.009141 -0.004574  0.135775
  0.140644  0.010546 -0.005278  0.145473
  0.150349  0.012053 -0.006029  0.155171
  0.160056  0.013665 -0.006829  0.164869
  0.169763  0.015385 -0.007673  0.174567
  0.179472  0.017215 -0.008561  0.184266
  0.189182  0.019161 -0.009486  0.193964
  0.198892  0.021228 -0.010446  0.203662
  0.208602  0.023424 -0.011436  0.213360
  0.218311  0.025758 -0.012446  0.223058
  0.228017  0.028239 -0.013472  0.232757
  0.237718  0.030880 -0.014502  0.242455
  0.247413  0.033697 -0.015524  0.252153
  0.257098  0.036706 -0.016525  0.261851
  0.266772  0.039923 -0.017492  0.271549
  0.276429  0.043368 -0.018410  0.281248
  0.286066  0.047064 -0.019259  0.290946
  0.295677  0.051033 -0.020022  0.300644
  0.305258  0.055297 -0.020680  0.310342
  0.314802  0.059884 -0.021211  0.320040
  0.324303  0.064816 -0.021597  0.329739
  0.333752  0.070123 -0.021812  0.339437
  0.343143  0.075829 -0.021838  0.349135
  0.352468  0.081955 -0.021654  0.358833
  0.361717  0.088526 -0.021242  0.368531
  0.370882  0.095565 -0.020580  0.378229
  0.379954  0.103090 -0.019652  0.387928
  0.388924  0.111119 -0.018444  0.397626
  0.397783  0.119665 -0.016942  0.407324
  0.406521  0.128738 -0.015140  0.417022
  0.415131  0.138345 -0.013026  0.426720
  0.423602  0.148491 -0.010597  0.436419
  0.431928  0.159176 -0.007851  0.446117
  0.440101  0.170395 -0.004792  0.455815
  0.448112  0.182138 -0.001425  0.465513
  0.455955  0.194394  0.002241  0.475211
  0.463625  0.207146  0.006194  0.484910
  0.471115  0.220373  0.010415  0.494608
  0.478421  0.234054  0.014889  0.504306
  0.485539  0.248164  0.019594  0.514004
  0.492466  0.262672  0.024506  0.523702
  0.499198  0.277546  0.029596  0.533401
  0.505733  0.292750  0.034834  0.543099
  0.512070  0.308248  0.040190  0.552797
  0.518209  0.323997  0.045628  0.562495
  0.524147  0.339955  0.051111  0.572193
  0.529886  0.356081  0.056605  0.581891
  0.535425  0.372333  0.062071  0.591590
  0.540765  0.388665  0.067473  0.601288
  0.545909  0.405029  0.072769  0.610986
  0.550856  0.421377  0.077917  0.620684
  0.555609  0.437665  0.082882  0.630382
  0.560168  0.453844  0.087621  0.640081
  0.564535  0.469868  0.092098  0.649779
  0.568712  0.485691  0.096271  0.659477
  0.572700  0.501267  0.100104  0.669175
  0.576500  0.516551  0.103562  0.678873
  0.580113  0.531498  0.106610  0.688572
  0.583538  0.546066  0.109217  0.698270
  0.586774  0.560214  0.111354  0.707968
  0.589821  0.573906  0.112995  0.717666
  0.592678  0.587105  0.114119  0.727364
  0.595339  0.599774  0.114703  0.737063
  0.597801  0.611880  0.114730  0.746761
  0.600059  0.623390  0.114189  0.756459
  0.602107  0.634282  0.113075  0.766157
  0.603937  0.644534  0.111392  0.775855
  0.605542  0.654130  0.109146  0.785553
  0.606911  0.663055  0.106348  0.795252
  0.608032  0.671294  0.103010  0.804950
  0.608892  0.678840  0.099156  0.814648
  0.609477  0.685689  0.094813  0.824346
  0.609772  0.691841  0.090015  0.834044
  0.609762  0.697293  0.084800  0.843743
  0.609428  0.702047  0.079206  0.853441
  0.608755  0.706111  0.073284  0.863139
  0.607724  0.709485  0.067078  0.872837
  0.606317  0.712181  0.060646  0.882535
  0.604516  0.714209  0.054043  0.892234
  0.602305  0.715577  0.047325  0.901932
  0.599665  0.716291  0.040547  0.911630
  0.596582  0.716357  0.033764  0.921328
  0.593040  0.715781  0.027029  0.931026
  0.589027  0.714563  0.020391  0.940725
  0.584532  0.712696  0.013892  0.950423
  0.579546  0.710176  0.007573  0.960121
  0.574062  0.706998  0.001470  0.969819
  0.568076  0.703146 -0.004393  0.979517
  0.561585  0.698606 -0.009994  0.989216
  0.554589  0.693356 -0.015324  0.998914
  0.547091  0.687372 -0.020377  1.008612
  0.539098  0.680625 -0.025159  1.018310
  0.530618  0.673084 -0.029681  1.028008
  0.521662  0.664718 -0.033962  1.037706
  0.512242  0.655490 -0.038029  1.047405
  0.502374  0.645359 -0.041920  1.057103
  0.492075  0.634288 -0.045673  1.066801
  0.481363  0.622238 -0.049336  1.076499
  0.470259  0.609175 -0.052955  1.086197
  0.458784  0.595060 -0.056585  1.095896
  0.446960  0.579862 -0.060281  1.105594
  0.434808  0.563546 -0.064103  1.115292
  0.422353  0.546089 -0.068105  1.124990
  0.409618  0.527469 -0.072344  1.134688
  0.396627  0.507670 -0.076873  1.144387
  0.383403  0.486682 -0.081742  1.154085
  0.369970  0.464511 -0.086991  1.163783
  0.356352  0.441168 -0.092657  1.173481
  0.342573  0.416674 -0.098769  1.183179
  0.328655  0.391062 -0.105348  1.192878
