0.00550407907052420
0.0110081581410484
0.0165122372115726
0.0220163162820968
0.0275203953526210
0.0330244744231452
0.0385285534936694
0.0440326325641936
0.0495367116347178
0.0550407907052420
0.0605448697757662
0.0660489488462904
0.0715530279168146
0.0770571069873388
0.0825611860578630
0.0880652651283872
0.0935693441989114
0.0990734232694356
0.104577502339960
0.110081581410484
0.115585660481008
0.121089739551532
0.126593818622057
0.132097897692581
0.137601976763105
0.143106055833629
0.148610134904153
0.154114213974678
0.159618293045202
0.165122372115726
0.170626451186250
0.176130530256774
0.181634609327299
0.187138688397823
0.192642767468347
0.198146846538871
0.203650925609395
0.209155004679920
0.214659083750444
0.220163162820968
0.225667241891492
0.231171320962016
0.236675400032541
0.242179479103065
0.247683558173589
0.253187637244113
0.258691716314637
0.264195795385162
0.269699874455686
0.275203953526210
0.280708032596734
0.286212111667258
0.291716190737783
0.297220269808307
0.302724348878831
0.308228427949355
0.313732507019879
0.319236586090404
0.324740665160928
0.330244744231452
0.335748823301976
0.341252902372500
0.346756981443025
0.352261060513549
0.357765139584073
0.363269218654597
0.368773297725121
0.374277376795646
0.379781455866170
0.385285534936694
0.390789614007218
0.396293693077742
0.401797772148267
0.407301851218791
0.412805930289315
0.418310009359839
0.423814088430363
0.429318167500888
0.434822246571412
0.440326325641936
0.445830404712460
0.451334483782984
0.456838562853509
0.462342641924033
0.467846720994557
0.473350800065081
0.478854879135605
0.484358958206130
0.489863037276654
0.495367116347178
0.500871195417702
0.506375274488226
0.511879353558751
0.517383432629275
0.522887511699799
0.528391590770323
0.533895669840848
0.539399748911372
0.544903827981896
0.550407907052420
0.555911986122944
0.561416065193468
0.566920144263993
0.572424223334517
0.577928302405041
0.583432381475565
0.588936460546090
0.594440539616614
0.599944618687138
0.605448697757662
0.610952776828186
0.616456855898711
0.621960934969235
0.627465014039759
0.632969093110283
0.638473172180807
0.643977251251331
0.649481330321856
0.654985409392380
0.660489488462904
0.665993567533428
0.671497646603953
0.677001725674477
0.682505804745001
0.688009883815525
0.693513962886049
0.699018041956574
0.704522121027098
0.710026200097622
0.715530279168146
0.721034358238670
0.726538437309194
0.732042516379719
0.737546595450243
0.743050674520767
0.748554753591291
0.754058832661816
0.759562911732340
0.765066990802864
0.770571069873388
0.776075148943912
0.781579228014437
0.787083307084961
0.792587386155485
0.798091465226009
0.803595544296533
0.809099623367057
0.814603702437582
0.820107781508106
0.825611860578630
0.831115939649154
0.836620018719679
0.842124097790203
0.847628176860727
0.853132255931251
0.858636335001775
0.864140414072300
0.869644493142824
0.875148572213348
0.880652651283872
0.886156730354396
0.891660809424920
0.897164888495445
0.902668967565969
0.908173046636493
0.913677125707017
0.919181204777542
0.924685283848066
0.930189362918590
0.935693441989114
0.941197521059638
0.946701600130163
0.952205679200687
0.957709758271211
0.963213837341735
0.968717916412259
0.974221995482783
0.979726074553308
0.985230153623832
0.990734232694356
0.996238311764880
1.00174239083540
1.00724646990593
1.01275054897645
1.01825462804698
1.02375870711750
1.02926278618803
1.03476686525855
1.04027094432907
1.04577502339960
1.05127910247012
1.05678318154065
1.06228726061117
1.06779133968170
1.07329541875222
1.07879949782274
1.08430357689327
1.08980765596379
1.09531173503432
1.10081581410484
1.10631989317536
1.11182397224589
1.11732805131641
1.12283213038694
1.12833620945746
1.13384028852799
1.13934436759851
1.14484844666903
1.15035252573956
1.15585660481008
1.16136068388061
1.16686476295113
1.17236884202165
1.17787292109218
1.18337700016270
1.18888107923323
1.19438515830375
1.19988923737428