0    0.000000000000e+000  0.000000000000e+000
 1    3.749999916181e-003  7.500000103846e-006
 2    7.499999832362e-003  2.999999988788e-005
 3    1.125000044703e-002  6.749999996828e-005
 4    1.499999966472e-002  1.200000162135e-004
 5    1.875000074506e-002  1.875000879954e-004
 6    2.250000089407e-002  2.700003265636e-004
 7    2.624999918044e-002  3.675010651932e-004
 8    2.999999932945e-002  4.800030933984e-004
 9    3.375000134110e-002  6.075079977745e-004
 10    3.750000149012e-002  7.500186792458e-004
 11    4.125000163913e-002  9.075399878202e-004
 12    4.500000178814e-002  1.080079436069e-003
 13    4.874999821186e-002  1.267647126224e-003
 14    5.249999836087e-002  1.470254894230e-003
 15    5.624999850988e-002  1.687914562062e-003
 16    5.999999865890e-002  1.920632745023e-003
 17    6.374999880791e-002  2.168404455297e-003
 18    6.750000268221e-002  2.431203175802e-003
 19    7.124999910593e-002  2.708969964879e-003
 20    7.500000298023e-002  3.001600786811e-003
 21    7.874999940395e-002  3.308939302806e-003
 22    8.250000327826e-002  3.630773073528e-003
 23    8.624999970198e-002  3.966844397364e-003
 24    9.000000357628e-002  4.316871562041e-003
 25    9.375000000000e-002  4.680595181417e-003
 26    9.749999642372e-002  5.057837388013e-003
 27    1.012500002980e-001  5.448581061792e-003
 28    1.049999967217e-001  5.853058223147e-003
 29    1.087500005960e-001  6.271831737831e-003
 30    1.124999970198e-001  6.705863715615e-003
 31    1.162500008941e-001  7.156535843387e-003
 32    1.199999973178e-001  7.625618644524e-003
 33    1.237500011921e-001  8.115160129964e-003
 34    1.274999976158e-001  8.627293882892e-003
 35    1.312499940395e-001  9.163957145065e-003
 36    1.350000053644e-001  9.726555440575e-003
 37    1.387500017881e-001  1.031558021437e-002
 38    1.424999982119e-001  1.093025329057e-002
 39    1.462499946356e-001  1.156823979691e-002
 40    1.500000059605e-001  1.222550056409e-002
 41    1.537500023842e-001  1.289635699708e-002
 42    1.574999988079e-001  1.357378927059e-002
 43    1.612499952316e-001  1.425002199598e-002
 44    1.650000065565e-001  1.491735855583e-002
 45    1.687500029802e-001  1.556921567768e-002
 46    1.724999994040e-001  1.620126853697e-002
 47    1.762499958277e-001  1.681256269105e-002
 48    1.800000071526e-001  1.740642212331e-002
 49    1.837500035763e-001  1.799101374112e-002
 50    1.875000000000e-001  1.857938090339e-002
 51    1.912499964237e-001  1.918886954896e-002
 52    1.949999928474e-001  1.983986908570e-002
 53    1.987500041723e-001  2.055393961258e-002
 54    2.025000005960e-001  2.135142900050e-002
 55    2.062499970198e-001  2.224881809205e-002
 56    2.099999934435e-001  2.325609576888e-002
 57    2.137500047684e-001  2.437448863871e-002
 58    2.175000011921e-001  2.559492805041e-002
 59    2.212499976158e-001  2.689753825776e-002
 60    2.249999940395e-001  2.825238130055e-002
 61    2.287500053644e-001  2.962155780755e-002
 62    2.325000017881e-001  3.096257900819e-002
 63    2.362499982119e-001  3.223275771365e-002
 64    2.399999946356e-001  3.339424286038e-002
 65    2.437500059605e-001  3.441910235211e-002
 66    2.475000023842e-001  3.529390769079e-002
 67    2.512499988079e-001  3.602313796058e-002
 68    2.549999952316e-001  3.663086628541e-002
 69    2.587499916553e-001  3.716036859900e-002
 70    2.624999880791e-001  3.767140056938e-002
 71    2.662500143051e-001  3.823527043685e-002
 72    2.700000107288e-001  3.892805347219e-002
 73    2.737500071526e-001  3.982257587835e-002
 74    2.775000035763e-001  4.097999380901e-002
 75    2.812500000000e-001  4.244200643152e-002
 76    2.849999964237e-001  4.422462845221e-002
 77    2.887499928474e-001  4.631446145475e-002
 78    2.924999892712e-001  4.866804705933e-002
 79    2.962499856949e-001  5.121465925127e-002
 80    3.000000119209e-001  5.386238478124e-002
 81    3.037500083447e-001  5.650699598715e-002
 82    3.075000047684e-001  5.904272569343e-002
 83    3.112500011921e-001  6.137379502878e-002
 84    3.149999976158e-001  6.342543445528e-002
 85    3.187499940395e-001  6.515308067203e-002
 86    3.224999904633e-001  6.654870178550e-002
 87    3.262499868870e-001  6.764339987189e-002
 88    3.300000131130e-001  6.850579451770e-002
 89    3.337500095367e-001  6.923632089049e-002
 90    3.375000059605e-001  6.995783172548e-002
 91    3.412500023842e-001  7.080345973372e-002
 92    3.449999988079e-001  7.190301336348e-002
 93    3.487499952316e-001  7.336938571185e-002
 94    3.524999916553e-001  7.528655938804e-002
 95    3.562499880791e-001  7.770060554147e-002
 96    3.600000143051e-001  8.061472140253e-002
 97    3.637500107288e-001  8.398897338659e-002
 98    3.675000071526e-001  8.774474486709e-002
 99    3.712500035763e-001  9.177334696054e-002
 100    3.750000000000e-001  9.594778385013e-002
 101    3.787499964237e-001  1.001362662762e-001
 102    3.824999928474e-001  1.042159408703e-001
 103    3.862499892712e-001  1.080852887407e-001
 104    3.899999856949e-001  1.116739260033e-001
 105    3.937500119209e-001  1.149487788603e-001
 106    3.975000083447e-001  1.179161764309e-001
 107    4.012500047684e-001  1.206197217107e-001
 108    4.050000011921e-001  1.231344408542e-001
 109    4.087499976158e-001  1.255579237640e-001
 110    4.124999940395e-001  1.279996129870e-001
 111    4.162499904633e-001  1.305694720149e-001
 112    4.199999868870e-001  1.333672490716e-001
 113    4.237500131130e-001  1.364736085385e-001
 114    4.275000095367e-001  1.399438206106e-001
 115    4.312500059605e-001  1.438047321886e-001
 116    4.350000023842e-001  1.480547714978e-001
 117    4.387499988079e-001  1.526671536267e-001
 118    4.424999952316e-001  1.575951977074e-001
 119    4.462499916553e-001  1.627792523056e-001
 120    4.499999880791e-001  1.681541046500e-001
 121    4.537500143051e-001  1.736559879780e-001
 122    4.575000107288e-001  1.792285713553e-001
 123    4.612500071526e-001  1.848272322863e-001
 124    4.650000035763e-001  1.904214597493e-001
 125    4.687500000000e-001  1.959953728318e-001
 126    4.724999964237e-001  2.015465777367e-001
 127    4.762499928474e-001  2.070837724209e-001
 128    4.799999892712e-001  2.126236359775e-001
 129    4.837499856949e-001  2.181874501705e-001
 130    4.875000119209e-001  2.237979292125e-001
 131    4.912500083447e-001  2.294767772406e-001
 132    4.950000047684e-001  2.352428589016e-001
 133    4.987500011921e-001  2.411114688963e-001
 134    5.024999976158e-001  2.470942546427e-001
 135    5.062500238419e-001  2.531998236477e-001
 136    5.099999904633e-001  2.594346746802e-001
 137    5.137500166893e-001  2.658044505119e-001
 138    5.174999833107e-001  2.723146551847e-001
 139    5.212500095367e-001  2.789715182781e-001
 140    5.249999761581e-001  2.857819849253e-001
 141    5.287500023842e-001  2.927535144985e-001
 142    5.325000286102e-001  2.998932208121e-001
 143    5.362499952316e-001  3.072068762779e-001
 144    5.400000214577e-001  3.146975921094e-001
 145    5.437499880791e-001  3.223645138741e-001
 146    5.475000143051e-001  3.302017159760e-001
 147    5.512499809265e-001  3.381974440813e-001
 148    5.550000071526e-001  3.463337396085e-001
 149    5.587499737740e-001  3.545867072046e-001
 150    5.625000000000e-001  3.629272037745e-001
 151    5.662500262260e-001  3.713222713768e-001
 152    5.699999928474e-001  3.797369422019e-001
 153    5.737500190735e-001  3.881362722814e-001
 154    5.774999856949e-001  3.964879207313e-001
 155    5.812500119209e-001  4.047644598782e-001
 156    5.849999785423e-001  4.129455244541e-001
 157    5.887500047684e-001  4.210196182132e-001
 158    5.924999713898e-001  4.289853279293e-001
 159    5.962499976158e-001  4.368515427411e-001
 160    6.000000238419e-001  4.446369957924e-001
 161    6.037499904633e-001  4.523686991632e-001
 162    6.075000166893e-001  4.600795319676e-001
 163    6.112499833107e-001  4.678051388264e-001
 164    6.150000095367e-001  4.755802933872e-001
 165    6.187499761581e-001  4.834352512658e-001
 166    6.225000023842e-001  4.913921971619e-001
 167    6.262500286102e-001  4.994624617696e-001
 168    6.299999952316e-001  5.076445552707e-001
 169    6.337500214577e-001  5.159236919880e-001
 170    6.374999880791e-001  5.242722392082e-001
 171    6.412500143051e-001  5.326519715786e-001
 172    6.449999809265e-001  5.410171756148e-001
 173    6.487500071526e-001  5.493182569742e-001
 174    6.524999737740e-001  5.575065317750e-001
 175    6.562500000000e-001  5.655380347371e-001
 176    6.600000262260e-001  5.733773541450e-001
 177    6.637499928474e-001  5.810001471639e-001
 178    6.675000190735e-001  5.883945113420e-001
 179    6.712499856949e-001  5.955611065030e-001
 180    6.750000119209e-001  6.025116360188e-001
 181    6.787499785423e-001  6.092665264010e-001
 182    6.825000047684e-001  6.158515438437e-001
 183    6.862499713898e-001  6.222942984104e-001
 184    6.899999976158e-001  6.286205521226e-001
 185    6.937500238419e-001  6.348513883352e-001
 186    6.974999904633e-001  6.410010376573e-001
 187    7.012500166893e-001  6.470757198334e-001
 188    7.049999833107e-001  6.530737814307e-001
 189    7.087500095367e-001  6.589867100120e-001
 190    7.124999761581e-001  6.648007914424e-001
 191    7.162500023842e-001  6.704991948605e-001
 192    7.200000286102e-001  6.760641267896e-001
 193    7.237499952316e-001  6.814787036180e-001
 194    7.275000214577e-001  6.867281809449e-001
 195    7.312499880791e-001  6.918003168702e-001
 196    7.350000143051e-001  6.966854372621e-001
 197    7.387499809265e-001  7.013755753636e-001
 198    7.425000071526e-001  7.058634027839e-001
 199    7.462499737740e-001  7.101412326097e-001
 200    7.500000000000e-001  7.141999840736e-001
 201    7.537500262260e-001  7.180290171504e-001
 202    7.574999928474e-001  7.216163766384e-001
 203    7.612500190735e-001  7.249493467808e-001
 204    7.649999856949e-001  7.280165380239e-001
 205    7.687500119209e-001  7.308091270924e-001
 206    7.724999785423e-001  7.333228111267e-001
 207    7.762500047684e-001  7.355591112375e-001
 208    7.799999713898e-001  7.375260886550e-001
 209    7.837499976158e-001  7.392383226752e-001
 210    7.875000238419e-001  7.407154372334e-001
 211    7.912499904633e-001  7.419802448153e-001
 212    7.950000166893e-001  7.430556917191e-001
 213    7.987499833107e-001  7.439618283510e-001
 214    8.025000095367e-001  7.447124275565e-001
 215    8.062499761581e-001  7.453124248981e-001
 216    8.100000023842e-001  7.457561114430e-001
 217    8.137500286102e-001  7.460263493657e-001
 218    8.174999952316e-001  7.460955551267e-001
 219    8.212500214577e-001  7.459278467298e-001
 220    8.249999880791e-001  7.454822656512e-001
 221    8.287500143051e-001  7.447167196870e-001
 222    8.324999809265e-001  7.435925996304e-001
 223    8.362500071526e-001  7.420788875222e-001
 224    8.399999737740e-001  7.401556545496e-001
 225    8.437500000000e-001  7.378162652254e-001
 226    8.475000262260e-001  7.350685578585e-001
 227    8.512499928474e-001  7.319338354468e-001
 228    8.550000190735e-001  7.284451404214e-001
 229    8.587499856949e-001  7.246438348293e-001
 230    8.625000119209e-001  7.205751010776e-001
 231    8.662499785423e-001  7.162837213278e-001
 232    8.700000047684e-001  7.118093994260e-001
 233    8.737499713898e-001  7.071828910708e-001
 234    8.774999976158e-001  7.024234440923e-001
 235    8.812500238419e-001  6.975366088748e-001
 236    8.849999904633e-001  6.925146082044e-001
 237    8.887500166893e-001  6.873371148109e-001
 238    8.924999833107e-001  6.819735705853e-001
 239    8.962500095367e-001  6.763862824440e-001
 240    8.999999761581e-001  6.705341121554e-001
 241    9.037500023842e-001  6.643758654594e-001
 242    9.075000286102e-001  6.578739482164e-001
 243    9.112499952316e-001  6.509970211983e-001
 244    9.150000214577e-001  6.437218406796e-001
 245    9.187499880791e-001  6.360348597169e-001
 246    9.225000143051e-001  6.279319196939e-001
 247    9.262499809265e-001  6.194180023670e-001
 248    9.300000071526e-001  6.105061495304e-001
 249    9.337499737740e-001  6.012152871490e-001
 250    9.375000000000e-001  5.915689566731e-001
 251    9.412500262260e-001  5.815927426517e-001
 252    9.449999928474e-001  5.713129431009e-001
 253    9.487500190735e-001  5.607544027269e-001
 254    9.524999856949e-001  5.499396830797e-001
 255    9.562500119209e-001  5.388875199854e-001
 256    9.599999785423e-001  5.276124598086e-001
 257    9.637500047684e-001  5.161242020130e-001
 258    9.674999713898e-001  5.044276510179e-001
 259    9.712499976158e-001  4.925227978826e-001
 260    9.750000238419e-001  4.804051473737e-001
 261    9.787499904633e-001  4.680661940575e-001
 262    9.825000166893e-001  4.554940271378e-001
 263    9.862499833107e-001  4.426742789149e-001
 264    9.900000095367e-001  4.295911736786e-001
 265    9.937499761581e-001  4.162287059426e-001
 266    9.975000023842e-001  4.025721026957e-001
 267    1.001250028610e+000  3.886091223359e-001
 268    1.004999995232e+000  3.743315578997e-001
 269    1.008749961853e+000  3.597363962233e-001
 270    1.012500047684e+000  3.448270526528e-001
 271    1.016250014305e+000  3.296139824390e-001
 272    1.019999980927e+000  3.141151206195e-001
 273    1.023749947548e+000  2.983557346463e-001
 274    1.027500033379e+000  2.823678968847e-001
 275    1.031250000000e+000  2.661893400550e-001
 276    1.034999966621e+000  2.498621617258e-001
 277    1.038750052452e+000  2.334309062362e-001
 278    1.042500019073e+000  2.169407542050e-001
 279    1.046249985695e+000  2.004355594516e-001
 280    1.049999952316e+000  1.839559752494e-001
 281    1.053750038147e+000  1.675379832834e-001
 282    1.057500004768e+000  1.512117101997e-001
 283    1.061249971390e+000  1.350008443743e-001
 284    1.065000057220e+000  1.189224769920e-001
 285    1.068750023842e+000  1.029875729233e-001
 286    1.072499990463e+000  8.720188442618e-002
 287    1.076249957085e+000  7.156723320484e-002
 288    1.080000042915e+000  5.608312103897e-002
 289    1.083750009537e+000  4.074838982895e-002
 290    1.087499976158e+000  2.556290611625e-002
 291    1.091249942780e+000  1.052906782366e-002
 292    1.095000028610e+000 -4.346981314011e-003
 293    1.098749995232e+000 -1.905448885751e-002
 294    1.102499961853e+000 -3.357765870867e-002
 295    1.106250047684e+000 -4.789562710561e-002
 296    1.110000014305e+000 -6.198285259306e-002
 297    1.113749980927e+000 -7.580983225256e-002
 298    1.117499947548e+000 -8.934408294968e-002
 299    1.121250033379e+000 -1.025513054151e-001
 300    1.125000000000e+000 -1.153965851199e-001
 301    1.128749966621e+000 -1.278456350905e-001
 302    1.132500052452e+000 -1.398658738402e-001
 303    1.136250019073e+000 -1.514274091227e-001
 304    1.139999985695e+000 -1.625038451049e-001
 305    1.143749952316e+000 -1.730728475377e-001
 306    1.147500038147e+000 -1.831165906787e-001
 307    1.151250004768e+000 -1.926220064797e-001
 308    1.154999971390e+000 -2.015809232928e-001
 309    1.158750057220e+000 -2.099900542572e-001
 310    1.162500023842e+000 -2.178510082886e-001
 311    1.166249990463e+000 -2.251701289043e-001
 312    1.169999957085e+000 -2.319583833590e-001
 313    1.173750042915e+000 -2.382309975475e-001
 314    1.177500009537e+000 -2.440072866902e-001
 315    1.181249976158e+000 -2.493100715429e-001
 316    1.184999942780e+000 -2.541651470959e-001
 317    1.188750028610e+000 -2.586005293578e-001
 318    1.192499995232e+000 -2.626455682516e-001
 319    1.196249961853e+000 -2.663298944384e-001
 320    1.200000047684e+000 -2.696823145449e-001
 321    1.203750014305e+000 -2.727297094464e-001
 322    1.207499980927e+000 -2.754958604276e-001
 323    1.211249947548e+000 -2.780005388707e-001
 324    1.215000033379e+000 -2.802588078380e-001
 325    1.218750000000e+000 -2.822807268053e-001
 326    1.222499966621e+000 -2.840711244196e-001
 327    1.226250052452e+000 -2.856303349882e-001
 328    1.230000019073e+000 -2.869548799843e-001
 329    1.233749985695e+000 -2.880388862640e-001
 330    1.237499952316e+000 -2.888756636530e-001
 331    1.241250038147e+000 -2.894595471025e-001
 332    1.245000004768e+000 -2.897878044844e-001
 333    1.248749971390e+000 -2.898625800014e-001
 334    1.252500057220e+000 -2.896924248338e-001
 335    1.256250023842e+000 -2.892934666574e-001
 336    1.259999990463e+000 -2.886902113259e-001
 337    1.263749957085e+000 -2.879155391455e-001
 338    1.267500042915e+000 -2.870101523399e-001
 339    1.271250009537e+000 -2.860212872922e-001
 340    1.274999976158e+000 -2.850010345876e-001
 341    1.278749942780e+000 -2.840038897097e-001
 342    1.282500028610e+000 -2.830844219029e-001
 343    1.286249995232e+000 -2.822943764925e-001
 344    1.289999961853e+000 -2.816801990569e-001
 345    1.293750047684e+000 -2.812805356085e-001
 346    1.297500014305e+000 -2.811245727539e-001
 347    1.301249980927e+000 -2.812305465341e-001
 348    1.304999947548e+000 -2.816052320600e-001
 349    1.308750033379e+000 -2.822441333532e-001
 350    1.312500000000e+000 -2.831323488057e-001
 351    1.316249966621e+000 -2.842461882532e-001
 352    1.320000052452e+000 -2.855553542078e-001
 353    1.323750019073e+000 -2.870255714655e-001
 354    1.327499985695e+000 -2.886213646829e-001
 355    1.331249952316e+000 -2.903088763356e-001
 356    1.335000038147e+000 -2.920585885644e-001
 357    1.338750004768e+000 -2.938473001122e-001
 358    1.342499971390e+000 -2.956599365175e-001
 359    1.346250057220e+000 -2.974902646244e-001
 360    1.350000023842e+000 -2.993409107625e-001
 361    1.353749990463e+000 -3.012226811051e-001
 362    1.357499957085e+000 -3.031529431045e-001
 363    1.361250042915e+000 -3.051534613967e-001
 364    1.365000009537e+000 -3.072477537394e-001
 365    1.368749976158e+000 -3.094583474100e-001
 366    1.372499942780e+000 -3.118037031591e-001
 367    1.376250028610e+000 -3.142959041893e-001
 368    1.379999995232e+000 -3.169382481277e-001
 369    1.383749961853e+000 -3.197240687907e-001
 370    1.387500047684e+000 -3.226359577477e-001
 371    1.391250014305e+000 -3.256460028887e-001
 372    1.394999980927e+000 -3.287169510126e-001
 373    1.398749947548e+000 -3.318039567769e-001
 374    1.402500033379e+000 -3.348571692407e-001
 375    1.406250000000e+000 -3.378245154023e-001
 376    1.409999966621e+000 -3.406548619270e-001
 377    1.413750052452e+000 -3.433007909358e-001
 378    1.417500019073e+000 -3.457213319838e-001
 379    1.421249985695e+000 -3.478838227689e-001
 380    1.424999952316e+000 -3.497651945055e-001
 381    1.428750038147e+000 -3.513524138927e-001
 382    1.432500004768e+000 -3.526419773698e-001
 383    1.436249971390e+000 -3.536386157572e-001
 384    1.440000057220e+000 -3.543535582721e-001
 385    1.443750023842e+000 -3.548020626605e-001
 386    1.447499990463e+000 -3.550009992719e-001
 387    1.451249957085e+000 -3.549662308395e-001
 388    1.455000042915e+000 -3.547105368972e-001
 389    1.458750009537e+000 -3.542417520285e-001
 390    1.462499976158e+000 -3.535616394877e-001
 391    1.466249942780e+000 -3.526654390991e-001
 392    1.470000028610e+000 -3.515422071517e-001
 393    1.473749995232e+000 -3.501755504310e-001
 394    1.477499961853e+000 -3.485451743007e-001
 395    1.481250047684e+000 -3.466287744045e-001
 396    1.485000014305e+000 -3.444038471580e-001
 397    1.488749980927e+000 -3.418500436842e-001
 398    1.492499947548e+000 -3.389508937299e-001
 399    1.496250033379e+000 -3.356953680515e-001
 400    1.500000000000e+000 -3.320792600513e-001