0    0.000000000000e+000  0.000000000000e+000
 1    3.749999916181e-003 -3.750000051923e-006
 2    7.499999832362e-003 -1.500000020769e-005
 3    1.125000044703e-002 -3.374999634616e-005
 4    1.499999966472e-002 -5.999997794788e-005
 5    1.875000074506e-002 -9.374989684147e-005
 6    2.250000089407e-002 -1.349995840428e-004
 7    2.624999918044e-002 -1.837486057047e-004
 8    2.999999932945e-002 -2.399959481409e-004
 9    3.375000134110e-002 -3.037394520652e-004
 10    3.750000149012e-002 -3.749750279530e-004
 11    4.125000163913e-002 -4.536956673837e-004
 12    4.500000178814e-002 -5.398901525768e-004
 13    4.874999821186e-002 -6.335424754070e-004
 14    5.249999836087e-002 -7.346315030009e-004
 15    5.624999850988e-002 -8.431325576385e-004
 16    5.999999865890e-002 -9.590213774936e-004
 17    6.374999880791e-002 -1.082281204872e-003
 18    6.750000268221e-002 -1.212913079653e-003
 19    7.124999910593e-002 -1.350949451444e-003
 20    7.500000298023e-002 -1.496469659614e-003
 21    7.874999940395e-002 -1.649613616173e-003
 22    8.250000327826e-002 -1.810591114918e-003
 23    8.624999970198e-002 -1.979681096273e-003
 24    9.000000357628e-002 -2.157215423649e-003
 25    9.375000000000e-002 -2.343543559546e-003
 26    9.749999642372e-002 -2.538975903299e-003
 27    1.012500002980e-001 -2.743705433095e-003
 28    1.049999967217e-001 -2.957715778612e-003
 29    1.087500005960e-001 -3.180685024709e-003
 30    1.124999970198e-001 -3.411900851643e-003
 31    1.162500008941e-001 -3.650210287888e-003
 32    1.199999973178e-001 -3.894019776490e-003
 33    1.237500011921e-001 -4.141371678561e-003
 34    1.274999976158e-001 -4.390101621393e-003
 35    1.312499940395e-001 -4.638090101071e-003
 36    1.350000053644e-001 -4.883587602526e-003
 37    1.387500017881e-001 -5.125590967946e-003
 38    1.424999982119e-001 -5.364221853670e-003
 39    1.462499946356e-001 -5.601056807209e-003
 40    1.500000059605e-001 -5.839335352648e-003
 41    1.537500023842e-001 -6.083983436693e-003
 42    1.574999988079e-001 -6.341399902012e-003
 43    1.612499952316e-001 -6.618974087760e-003
 44    1.650000065565e-001 -6.924333199859e-003
 45    1.687500029802e-001 -7.264370799530e-003
 46    1.724999994040e-001 -7.644133598078e-003
 47    1.762499958277e-001 -8.065704135224e-003
 48    1.800000071526e-001 -8.527224375866e-003
 49    1.837500035763e-001 -9.022236289456e-003
 50    1.875000000000e-001 -9.539496903308e-003
 51    1.912499964237e-001 -1.006338594481e-002
 52    1.949999928474e-001 -1.057496719062e-002
 53    1.987500041723e-001 -1.105369586498e-002
 54    2.025000005960e-001 -1.147964958102e-002
 55    2.062499970198e-001 -1.183608720079e-002
 56    2.099999934435e-001 -1.211205536500e-002
 57    2.137500047684e-001 -1.230470389128e-002
 58    2.175000011921e-001 -1.242095477879e-002
 59    2.212499976158e-001 -1.247821943369e-002
 60    2.249999940395e-001 -1.250390144531e-002
 61    2.287500053644e-001 -1.253358621150e-002
 62    2.325000017881e-001 -1.260794828180e-002
 63    2.362499982119e-001 -1.276858856436e-002
 64    2.399999946356e-001 -1.305318362545e-002
 65    2.437500059605e-001 -1.349046587013e-002
 66    2.475000023842e-001 -1.409562627319e-002
 67    2.512499988079e-001 -1.486677266192e-002
 68    2.549999952316e-001 -1.578299958259e-002
 69    2.587499916553e-001 -1.680450168438e-002
 70    2.624999880791e-001 -1.787493486423e-002
 71    2.662500143051e-001 -1.892601999920e-002
 72    2.700000107288e-001 -1.988402303774e-002
 73    2.737500071526e-001 -2.067757762503e-002
 74    2.775000035763e-001 -2.124596231617e-002
 75    2.812500000000e-001 -2.154693047516e-002
 76    2.849999964237e-001 -2.156306190416e-002
 77    2.887499928474e-001 -2.130574298091e-002
 78    2.924999892712e-001 -2.081610844471e-002
 79    2.962499856949e-001 -2.016261230223e-002
 80    3.000000119209e-001 -1.943527110852e-002
 81    3.037500083447e-001 -1.873706530780e-002
 82    3.075000047684e-001 -1.817334254272e-002
 83    3.112500011921e-001 -1.784033386968e-002
 84    3.149999976158e-001 -1.781407730188e-002
 85    3.187499940395e-001 -1.814101730473e-002
 86    3.224999904633e-001 -1.883142480627e-002
 87    3.262499868870e-001 -1.985649395734e-002
 88    3.300000131130e-001 -2.114960825071e-002
 89    3.337500095367e-001 -2.261179170571e-002
 90    3.375000059605e-001 -2.412093597930e-002
 91    3.412500023842e-001 -2.554385410622e-002
 92    3.449999988079e-001 -2.674996635411e-002
 93    3.487499952316e-001 -2.762504889164e-002
 94    3.524999916553e-001 -2.808352902532e-002
 95    3.562499880791e-001 -2.807781845331e-002
 96    3.600000143051e-001 -2.760360420682e-002
 97    3.637500107288e-001 -2.670041346457e-002
 98    3.675000071526e-001 -2.544737563469e-002
 99    3.712500035763e-001 -2.395468842238e-002
 100    3.750000000000e-001 -2.235180608463e-002
 101    3.787499964237e-001 -2.077374182176e-002
 102    3.824999928474e-001 -1.934703912120e-002
 103    3.862499892712e-001 -1.817700269632e-002
 104    3.899999856949e-001 -1.733752030414e-002
 105    3.937500119209e-001 -1.686451897956e-002
 106    3.975000083447e-001 -1.675360174151e-002
 107    4.012500047684e-001 -1.696197633864e-002
 108    4.050000011921e-001 -1.741428384325e-002
 109    4.087499976158e-001 -1.801153510576e-002
 110    4.124999940395e-001 -1.864203949226e-002
 111    4.162499904633e-001 -1.919305203308e-002
 112    4.199999868870e-001 -1.956181465677e-002
 113    4.237500131130e-001 -1.966482427379e-002
 114    4.275000095367e-001 -1.944441103202e-002
 115    4.312500059605e-001 -1.887208906788e-002
 116    4.350000023842e-001 -1.794856508845e-002
 117    4.387499988079e-001 -1.670069399348e-002
 118    4.424999952316e-001 -1.517601936124e-002
 119    4.462499916553e-001 -1.343576470390e-002
 120    4.499999880791e-001 -1.154726178851e-002
 121    4.537500143051e-001 -9.576717596501e-003
 122    4.575000107288e-001 -7.583139319904e-003
 123    4.612500071526e-001 -5.613931961707e-003
 124    4.650000035763e-001 -3.702454995127e-003
 125    4.687500000000e-001 -1.867520647356e-003
 126    4.724999964237e-001 -1.145854010247e-004
 127    4.762499928474e-001  1.561797850300e-003
 128    4.799999892712e-001  3.174797284883e-003
 129    4.837499856949e-001  4.741936214268e-003
 130    4.875000119209e-001  6.282034735195e-003
 131    4.912500083447e-001  7.812831946649e-003
 132    4.950000047684e-001  9.349498241208e-003
 133    4.987500011921e-001  1.090409407858e-002
 134    5.024999976158e-001  1.248587635346e-002
 135    5.062500238419e-001  1.410222725943e-002
 136    5.099999904633e-001  1.575992161408e-002
 137    5.137500166893e-001  1.746641870588e-002
 138    5.174999833107e-001  1.923090608791e-002
 139    5.212500095367e-001  2.106485354714e-002
 140    5.249999761581e-001  2.298196977936e-002
 141    5.287500023842e-001  2.499753296375e-002
 142    5.325000286102e-001  2.712713127956e-002
 143    5.362499952316e-001  2.938499096781e-002
 144    5.400000214577e-001  3.178207272664e-002
 145    5.437499880791e-001  3.432417301461e-002
 146    5.475000143051e-001  3.701025350019e-002
 147    5.512499809265e-001  3.983122833073e-002
 148    5.550000071526e-001  4.276935309172e-002
 149    5.587499737740e-001  4.579836823046e-002
 150    5.625000000000e-001  4.888442097232e-002
 151    5.662500262260e-001  5.198774939403e-002
 152    5.699999928474e-001  5.506508029997e-002
 153    5.737500190735e-001  5.807254651561e-002
 154    5.774999856949e-001  6.096893340349e-002
 155    5.812500119209e-001  6.371901161969e-002
 156    5.849999785423e-001  6.629662932828e-002
 157    5.887500047684e-001  6.868729442358e-002
 158    5.924999713898e-001  7.088997248560e-002
 159    5.962499976158e-001  7.291779726744e-002
 160    6.000000238419e-001  7.479760449380e-002
 161    6.037499904633e-001  7.656811859459e-002
 162    6.075000166893e-001  7.827698357403e-002
 163    6.112499833107e-001  7.997669175267e-002
 164    6.150000095367e-001  8.171984244138e-002
 165    6.187499761581e-001  8.355406068265e-002
 166    6.225000023842e-001  8.551718533039e-002
 167    6.262500286102e-001  8.763311825693e-002
 168    6.299999952316e-001  8.990895923227e-002
 169    6.337500214577e-001  9.233361557126e-002
 170    6.374999880791e-001  9.487827621400e-002
 171    6.412500143051e-001  9.749857950956e-002
 172    6.449999809265e-001  1.001384396106e-001
 173    6.487500071526e-001  1.027350310981e-001
 174    6.524999737740e-001  1.052244136110e-001
 175    6.562500000000e-001  1.075472804531e-001
 176    6.600000262260e-001  1.096540682390e-001
 177    6.637499928474e-001  1.115089190006e-001
 178    6.675000190735e-001  1.130921466649e-001
 179    6.712499856949e-001  1.144008918107e-001
 180    6.750000119209e-001  1.154479730129e-001
 181    6.787499785423e-001  1.162591871992e-001
 182    6.825000047684e-001  1.168694182858e-001
 183    6.862499713898e-001  1.173180472106e-001
 184    6.899999976158e-001  1.176443465054e-001
 185    6.937500238419e-001  1.178833005205e-001
 186    6.974999904633e-001  1.180624630675e-001
 187    7.012500166893e-001  1.182000118122e-001
 188    7.049999833107e-001  1.183042814955e-001
 189    7.087500095367e-001  1.183745044470e-001
 190    7.124999761581e-001  1.184026614949e-001
 191    7.162500023842e-001  1.183759557083e-001
 192    7.200000286102e-001  1.182794169337e-001
 193    7.237499952316e-001  1.180983138829e-001
 194    7.275000214577e-001  1.178198640049e-001
 195    7.312499880791e-001  1.174341803044e-001
 196    7.350000143051e-001  1.169342999160e-001
 197    7.387499809265e-001  1.163153924793e-001
 198    7.425000071526e-001  1.155735962465e-001
 199    7.462499737740e-001  1.147045857832e-001
 200    7.500000000000e-001  1.137024404109e-001
 201    7.537500262260e-001  1.125590661168e-001
 202    7.574999928474e-001  1.112643549964e-001
 203    7.612500190735e-001  1.098072796687e-001
 204    7.649999856949e-001  1.081776377559e-001
 205    7.687500119209e-001  1.063683664426e-001
 206    7.724999785423e-001  1.043779051863e-001
 207    7.762500047684e-001  1.022122672759e-001
 208    7.799999713898e-001  9.988632712513e-002
 209    7.837499976158e-001  9.742403207347e-002
 210    7.875000238419e-001  9.485736381263e-002
 211    7.912499904633e-001  9.222397018224e-002
 212    7.950000166893e-001  8.956380404532e-002
 213    7.987499833107e-001  8.691498246044e-002
 214    8.025000095367e-001  8.430954318494e-002
 215    8.062499761581e-001  8.176953271031e-002
 216    8.100000023842e-001  7.930405264720e-002
 217    8.137500286102e-001  7.690773084760e-002
 218    8.174999952316e-001  7.456081168726e-002
 219    8.212500214577e-001  7.223097783513e-002
 220    8.249999880791e-001  6.987677349709e-002
 221    8.287500143051e-001  6.745216728188e-002
 222    8.324999809265e-001  6.491176643409e-002
 223    8.362500071526e-001  6.221608385444e-002
 224    8.399999737740e-001  5.933616517112e-002
 225    8.437500000000e-001  5.625706084538e-002
 226    8.475000262260e-001  5.297972729430e-002
 227    8.512499928474e-001  4.952115062857e-002
 228    8.550000190735e-001  4.591267480049e-002
 229    8.587499856949e-001  4.219679592061e-002
 230    8.625000119209e-001  3.842275271309e-002
 231    8.662499785423e-001  3.464150513770e-002
 232    8.700000047684e-001  3.090062730713e-002
 233    8.737499713898e-001  2.723970681662e-002
 234    8.774999976158e-001  2.368670485448e-002
 235    8.812500238419e-001  2.025566529483e-002
 236    8.849999904633e-001  1.694588569691e-002
 237    8.887500166893e-001  1.374259684584e-002
 238    8.924999833107e-001  1.061893812439e-002
 239    8.962500095367e-001  7.538944231346e-003
 240    8.999999761581e-001  4.461147919064e-003
 241    9.037500023842e-001  1.342376044486e-003
 242    9.075000286102e-001 -1.858642851003e-003
 243    9.112499952316e-001 -5.178185091354e-003
 244    9.150000214577e-001 -8.645196873695e-003
 245    9.187499880791e-001 -1.227979262825e-002
 246    9.225000143051e-001 -1.609264792874e-002
 247    9.262499809265e-001 -2.008516228758e-002
 248    9.300000071526e-001 -2.425027929246e-002
 249    9.337499737740e-001 -2.857374776155e-002
 250    9.375000000000e-001 -3.303568759933e-002
 251    9.412500262260e-001 -3.761223876849e-002
 252    9.449999928474e-001 -4.227720957249e-002
 253    9.487500190735e-001 -4.700360165909e-002
 254    9.524999856949e-001 -5.176499050111e-002
 255    9.562500119209e-001 -5.653673253953e-002
 256    9.599999785423e-001 -6.129701707512e-002
 257    9.637500047684e-001 -6.602773956954e-002
 258    9.674999713898e-001 -7.071529012173e-002
 259    9.712499976158e-001 -7.535108268261e-002
 260    9.750000238419e-001 -7.993200454861e-002
 261    9.787499904633e-001 -8.446050930768e-002
 262    9.825000166893e-001 -8.894449476153e-002
 263    9.862499833107e-001 -9.339675806463e-002
 264    9.900000095367e-001 -9.783414147794e-002
 265    9.937499761581e-001 -1.022762174532e-001
 266    9.975000023842e-001 -1.067436731979e-001
 267    1.001250028610e+000 -1.112564559653e-001
 268    1.004999995232e+000 -1.158317232877e-001
 269    1.008749961853e+000 -1.204818589985e-001
 270    1.012500047684e+000 -1.252126957104e-001
 271    1.016250014305e+000 -1.300220605731e-001
 272    1.019999980927e+000 -1.348988382146e-001
 273    1.023749947548e+000 -1.398227293044e-001
 274    1.027500033379e+000 -1.447645390779e-001
 275    1.031250000000e+000 -1.496873560175e-001
 276    1.034999966621e+000 -1.545481117815e-001
 277    1.038750052452e+000 -1.592998896539e-001
 278    1.042500019073e+000 -1.638942921534e-001
 279    1.046249985695e+000 -1.682841915637e-001
 280    1.049999952316e+000 -1.724261905998e-001
 281    1.053750038147e+000 -1.762828275561e-001
 282    1.057500004768e+000 -1.798244119063e-001
 283    1.061249971390e+000 -1.830300651863e-001
 284    1.065000057220e+000 -1.858881875873e-001
 285    1.068750023842e+000 -1.883961483091e-001
 286    1.072499990463e+000 -1.905593587458e-001
 287    1.076249957085e+000 -1.923897138238e-001
 288    1.080000042915e+000 -1.939036628231e-001
 289    1.083750009537e+000 -1.951200167090e-001
 290    1.087499976158e+000 -1.960577072948e-001
 291    1.091249942780e+000 -1.967337037623e-001
 292    1.095000028610e+000 -1.971611328423e-001
 293    1.098749995232e+000 -1.973478766531e-001
 294    1.102499961853e+000 -1.972956604883e-001
 295    1.106250047684e+000 -1.969996342435e-001
 296    1.110000014305e+000 -1.964484801888e-001
 297    1.113749980927e+000 -1.956250773370e-001
 298    1.117499947548e+000 -1.945074168965e-001
 299    1.121250033379e+000 -1.930699738860e-001
 300    1.125000000000e+000 -1.912851729244e-001
 301    1.128749966621e+000 -1.891249663383e-001
 302    1.132500052452e+000 -1.865624221042e-001
 303    1.136250019073e+000 -1.835731389001e-001
 304    1.139999985695e+000 -1.801365512237e-001
 305    1.143749952316e+000 -1.762369472533e-001
 306    1.147500038147e+000 -1.718642997742e-001
 307    1.151250004768e+000 -1.670148384571e-001
 308    1.154999971390e+000 -1.616912577674e-001
 309    1.158750057220e+000 -1.559029009938e-001
 310    1.162500023842e+000 -1.496655391902e-001
 311    1.166249990463e+000 -1.430010814220e-001
 312    1.169999957085e+000 -1.359370490350e-001
 313    1.173750042915e+000 -1.285059401393e-001
 314    1.177500009537e+000 -1.207444640622e-001
 315    1.181249976158e+000 -1.126926009543e-001
 316    1.184999942780e+000 -1.043925881200e-001
 317    1.188750028610e+000 -9.588781563565e-002
 318    1.192499995232e+000 -8.722163612023e-002
 319    1.196249961853e+000 -7.843618698418e-002
 320    1.200000047684e+000 -6.957116939127e-002
 321    1.203750014305e+000 -6.066278740764e-002
 322    1.207499980927e+000 -5.174278255552e-002
 323    1.211249947548e+000 -4.283767882735e-002
 324    1.215000033379e+000 -3.396834182553e-002
 325    1.218750000000e+000 -2.514983008616e-002
 326    1.222499966621e+000 -1.639164753258e-002
 327    1.226250052452e+000 -7.698342932854e-003
 328    1.230000019073e+000  9.294958924875e-004
 329    1.233749985695e+000  9.493929280434e-003
 330    1.237499952316e+000  1.799810593075e-002
 331    1.241250038147e+000  2.644453748129e-002
 332    1.245000004768e+000  3.483334048651e-002
 333    1.248749971390e+000  4.316055953968e-002
 334    1.252500057220e+000  5.141673519043e-002
 335    1.256250023842e+000  5.958578951657e-002
 336    1.259999990463e+000  6.764437634964e-002
 337    1.263749957085e+000  7.556174816898e-002
 338    1.267500042915e+000  8.330017747241e-002
 339    1.271250009537e+000  9.081592457835e-002
 340    1.274999976158e+000  9.806069526589e-002
 341    1.278749942780e+000  1.049835309584e-001
 342    1.282500028610e+000  1.115329910655e-001
 343    1.286249995232e+000  1.176594224013e-001
 344    1.289999961853e+000  1.233173031337e-001
 345    1.293750047684e+000  1.284673795057e-001
 346    1.297500014305e+000  1.330784391472e-001
 347    1.301249980927e+000  1.371287243860e-001
 348    1.304999947548e+000  1.406067153020e-001
 349    1.308750033379e+000  1.435113990866e-001
 350    1.312500000000e+000  1.458518345188e-001
 351    1.316249966621e+000  1.476461729128e-001
 352    1.320000052452e+000  1.489201959036e-001
 353    1.323750019073e+000  1.497053466085e-001
 354    1.327499985695e+000  1.500365572982e-001
 355    1.331249952316e+000  1.499500421248e-001
 356    1.335000038147e+000  1.494810033962e-001
 357    1.338750004768e+000  1.486617082544e-001
 358    1.342499971390e+000  1.475199640542e-001
 359    1.346250057220e+000  1.460780147463e-001
 360    1.350000023842e+000  1.443521649018e-001
 361    1.353749990463e+000  1.423529576324e-001
 362    1.357499957085e+000  1.400859602354e-001
 363    1.361250042915e+000  1.375531507656e-001
 364    1.365000009537e+000  1.347546744347e-001
 365    1.368749976158e+000  1.316908444650e-001
 366    1.372499942780e+000  1.283642789721e-001
 367    1.376250028610e+000  1.247818531469e-001
 368    1.379999995232e+000  1.209564153850e-001
 369    1.383749961853e+000  1.169080548361e-001
 370    1.387500047684e+000  1.126647441834e-001
 371    1.391250014305e+000  1.082624300569e-001
 372    1.394999980927e+000  1.037443735078e-001
 373    1.398749947548e+000  9.915999814868e-002
 374    1.402500033379e+000  9.456312522292e-002
 375    1.406250000000e+000  9.000990774482e-002
 376    1.409999966621e+000  8.555658902973e-002
 377    1.413750052452e+000  8.125723052770e-002
 378    1.417500019073e+000  7.716169655323e-002
 379    1.421249985695e+000  7.331399627030e-002
 380    1.424999952316e+000  6.975118029863e-002
 381    1.428750038147e+000  6.650278605521e-002
 382    1.432500004768e+000  6.359097983688e-002
 383    1.436249971390e+000  6.103124581277e-002
 384    1.440000057220e+000  5.883353337646e-002
 385    1.443750023842e+000  5.700382832438e-002
 386    1.447499990463e+000  5.554583817720e-002
 387    1.451249957085e+000  5.446267623454e-002
 388    1.455000042915e+000  5.375837031752e-002
 389    1.458750009537e+000  5.343901328743e-002
 390    1.462499976158e+000  5.351348869503e-002
 391    1.466249942780e+000  5.399366967380e-002
 392    1.470000028610e+000  5.489411689341e-002
 393    1.473749995232e+000  5.623128656298e-002
 394    1.477499961853e+000  5.802238166332e-002
 395    1.481250047684e+000  6.028393108398e-002
 396    1.485000014305e+000  6.303024630994e-002
 397    1.488749980927e+000  6.627195503563e-002
 398    1.492499947548e+000  7.001467343420e-002
 399    1.496250033379e+000  7.425801992416e-002
 400    1.500000000000e+000  7.899495791644e-002