 0    0.000000000000e+000  0.000000000000e+000
 1    3.749999916181e-003  3.750021823216e-003
 2    7.499999832362e-003  7.500093751587e-003
 3    1.125000044703e-002  1.125024140812e-002
 4    1.499999966472e-002  1.500048104674e-002
 5    1.875000074506e-002  1.875081047416e-002
 6    2.250000089407e-002  2.250121416524e-002
 7    2.624999918044e-002  2.625165160745e-002
 8    2.999999932945e-002  3.000207168981e-002
 9    3.375000134110e-002  3.375239603221e-002
 10    3.750000149012e-002  3.750254943967e-002
 11    4.125000163913e-002  4.125244602561e-002
 12    4.500000178814e-002  4.500199750066e-002
 13    4.874999821186e-002  4.875113641843e-002
 14    5.249999836087e-002  5.249981539324e-002
 15    5.624999850988e-002  5.624801190570e-002
 16    5.999999865890e-002  5.999574253336e-002
 17    6.374999880791e-002  6.374306607991e-002
 18    6.750000268221e-002  6.749008603394e-002
 19    7.124999910593e-002  7.123695272952e-002
 20    7.500000298023e-002  7.498385980725e-002
 21    7.874999940395e-002  7.873105928302e-002
 22    8.250000327826e-002  8.247880689800e-002
 23    8.624999970198e-002  8.622739911079e-002
 24    9.000000357628e-002  8.997714571655e-002
 25    9.375000000000e-002  9.372833944857e-002
 26    9.749999642372e-002  9.748123832047e-002
 27    1.012500002980e-001  1.012360820919e-001
 28    1.049999967217e-001  1.049929998815e-001
 29    1.087500005960e-001  1.087520635128e-001
 30    1.124999970198e-001  1.125132137537e-001
 31    1.162500008941e-001  1.162762731686e-001
 32    1.199999973178e-001  1.200409198180e-001
 33    1.237500011921e-001  1.238066841289e-001
 34    1.274999976158e-001  1.275729568303e-001
 35    1.312499940395e-001  1.313389825821e-001
 36    1.350000053644e-001  1.351038937271e-001
 37    1.387500017881e-001  1.388667624444e-001
 38    1.424999982119e-001  1.426265508682e-001
 39    1.462499946356e-001  1.463822723180e-001
 40    1.500000059605e-001  1.501329261810e-001
 41    1.537500023842e-001  1.538776423037e-001
 42    1.574999988079e-001  1.576156543195e-001
 43    1.612499952316e-001  1.613463883102e-001
 44    1.650000065565e-001  1.650694748014e-001
 45    1.687500029802e-001  1.687848117203e-001
 46    1.724999994040e-001  1.724925826490e-001
 47    1.762499958277e-001  1.761932536960e-001
 48    1.800000071526e-001  1.798876246810e-001
 49    1.837500035763e-001  1.835768058151e-001
 50    1.875000000000e-001  1.872622357309e-001
 51    1.912499964237e-001  1.909456687421e-001
 52    1.949999928474e-001  1.946291950345e-001
 53    1.987500041723e-001  1.983151488751e-001
 54    2.025000005960e-001  2.020061811805e-001
 55    2.062499970198e-001  2.057051365077e-001
 56    2.099999934435e-001  2.094150787592e-001
 57    2.137500047684e-001  2.131391318887e-001
 58    2.175000011921e-001  2.168804455549e-001
 59    2.212499976158e-001  2.206420668215e-001
 60    2.249999940395e-001  2.244268289208e-001
 61    2.287500053644e-001  2.282371480018e-001
 62    2.325000017881e-001  2.320749366283e-001
 63    2.362499982119e-001  2.359413736314e-001
 64    2.399999946356e-001  2.398367642611e-001
 65    2.437500059605e-001  2.437604030222e-001
 66    2.475000023842e-001  2.477104636282e-001
 67    2.512499988079e-001  2.516838793457e-001
 68    2.549999952316e-001  2.556763394177e-001
 69    2.587499916553e-001  2.596822938323e-001
 70    2.624999880791e-001  2.636949250102e-001
 71    2.662500143051e-001  2.677064764500e-001
 72    2.700000107288e-001  2.717081883550e-001
 73    2.737500071526e-001  2.756906954944e-001
 74    2.775000035763e-001  2.796442261338e-001
 75    2.812500000000e-001  2.835588735342e-001
 76    2.849999964237e-001  2.874249938130e-001
 77    2.887499928474e-001  2.912334433198e-001
 78    2.924999892712e-001  2.949759913981e-001
 79    2.962499856949e-001  2.986456005275e-001
 80    3.000000119209e-001  3.022367492318e-001
 81    3.037500083447e-001  3.057456012070e-001
 82    3.075000047684e-001  3.091704286635e-001
 83    3.112500011921e-001  3.125116252899e-001
 84    3.149999976158e-001  3.157718518376e-001
 85    3.187499940395e-001  3.189561024308e-001
 86    3.224999904633e-001  3.220718073845e-001
 87    3.262499868870e-001  3.251285511255e-001
 88    3.300000131130e-001  3.281380510330e-001
 89    3.337500095367e-001  3.311139820516e-001
 90    3.375000059605e-001  3.340714509785e-001
 91    3.412500023842e-001  3.370269493759e-001
 92    3.449999988079e-001  3.399976995587e-001
 93    3.487499952316e-001  3.430013230443e-001
 94    3.524999916553e-001  3.460553571582e-001
 95    3.562499880791e-001  3.491767740250e-001
 96    3.600000143051e-001  3.523814798892e-001
 97    3.637500107288e-001  3.556838341057e-001
 98    3.675000071526e-001  3.590964108706e-001
 99    3.712500035763e-001  3.626294393837e-001
 100    3.750000000000e-001  3.662906213105e-001
 101    3.787499964237e-001  3.700849184394e-001
 102    3.824999928474e-001  3.740142749250e-001
 103    3.862499892712e-001  3.780776995420e-001
 104    3.899999856949e-001  3.822711844742e-001
 105    3.937500119209e-001  3.865876683593e-001
 106    3.975000083447e-001  3.910172669590e-001
 107    4.012500047684e-001  3.955472794175e-001
 108    4.050000011921e-001  4.001625876129e-001
 109    4.087499976158e-001  4.048456287384e-001
 110    4.124999940395e-001  4.095767542720e-001
 111    4.162499904633e-001  4.143345317245e-001
 112    4.199999868870e-001  4.190959906578e-001
 113    4.237500131130e-001  4.238369417191e-001
 114    4.275000095367e-001  4.285322870314e-001
 115    4.312500059605e-001  4.331564502418e-001
 116    4.350000023842e-001  4.376836916804e-001
 117    4.387499988079e-001  4.420885638893e-001
 118    4.424999952316e-001  4.463463142514e-001
 119    4.462499916553e-001  4.504333366454e-001
 120    4.499999880791e-001  4.543276827037e-001
 121    4.537500143051e-001  4.580094149709e-001
 122    4.575000107288e-001  4.614612551033e-001
 123    4.612500071526e-001  4.646689005196e-001
 124    4.650000035763e-001  4.676215352118e-001
 125    4.687500000000e-001  4.703122280538e-001
 126    4.724999964237e-001  4.727382336557e-001
 127    4.762499928474e-001  4.749012643099e-001
 128    4.799999892712e-001  4.768077355623e-001
 129    4.837499856949e-001  4.784687104821e-001
 130    4.875000119209e-001  4.799000985920e-001
 131    4.912500083447e-001  4.811223305762e-001
 132    4.950000047684e-001  4.821600612998e-001
 133    4.987500011921e-001  4.830420535803e-001
 134    5.024999976158e-001  4.838004136086e-001
 135    5.062500238419e-001  4.844702546299e-001
 136    5.099999904633e-001  4.850888887048e-001
 137    5.137500166893e-001  4.856952197850e-001
 138    5.174999833107e-001  4.863290676475e-001
 139    5.212500095367e-001  4.870303726196e-001
 140    5.249999761581e-001  4.878384964168e-001
 141    5.287500023842e-001  4.887916743755e-001
 142    5.325000286102e-001  4.899262566864e-001
 143    5.362499952316e-001  4.912763293087e-001
 144    5.400000214577e-001  4.928731219471e-001
 145    5.437499880791e-001  4.947447341681e-001
 146    5.475000143051e-001  4.969158375263e-001
 147    5.512499809265e-001  4.994073468447e-001
 148    5.550000071526e-001  5.022364586592e-001
 149    5.587499737740e-001  5.054162332416e-001
 150    5.625000000000e-001  5.089559933543e-001
 151    5.662500262260e-001  5.128608793020e-001
 152    5.699999928474e-001  5.171319815516e-001
 153    5.737500190735e-001  5.217665329576e-001
 154    5.774999856949e-001  5.267576876283e-001
 155    5.812500119209e-001  5.320948833227e-001
 156    5.849999785423e-001  5.377637490630e-001
 157    5.887500047684e-001  5.437463137507e-001
 158    5.924999713898e-001  5.500212338567e-001
 159    5.962499976158e-001  5.565637463331e-001
 160    6.000000238419e-001  5.633466008306e-001
 161    6.037499904633e-001  5.703397357464e-001
 162    6.075000166893e-001  5.775110384822e-001
 163    6.112499833107e-001  5.848269873857e-001
 164    6.150000095367e-001  5.922527459264e-001
 165    6.187499761581e-001  5.997531592846e-001
 166    6.225000023842e-001  6.072931426764e-001
 167    6.262500286102e-001  6.148382377625e-001
 168    6.299999952316e-001  6.223554074764e-001
 169    6.337500214577e-001  6.298131003976e-001
 170    6.374999880791e-001  6.371821609139e-001
 171    6.412500143051e-001  6.444356840849e-001
 172    6.449999809265e-001  6.515495240688e-001
 173    6.487500071526e-001  6.585022595525e-001
 174    6.524999737740e-001  6.652751043439e-001
 175    6.562500000000e-001  6.718518170714e-001
 176    6.600000262260e-001  6.782184013724e-001
 177    6.637499928474e-001  6.843628627062e-001
 178    6.675000190735e-001  6.902747201920e-001
 179    6.712499856949e-001  6.959448999166e-001
 180    6.750000119209e-001  7.013650929928e-001
 181    6.787499785423e-001  7.065276402235e-001
 182    6.825000047684e-001  7.114250871539e-001
 183    6.862499713898e-001  7.160502561927e-001
 184    6.899999976158e-001  7.203958150744e-001
 185    6.937500238419e-001  7.244544517994e-001
 186    6.974999904633e-001  7.282186555862e-001
 187    7.012500166893e-001  7.316809147596e-001
 188    7.049999833107e-001  7.348337793350e-001
 189    7.087500095367e-001  7.376697716117e-001
 190    7.124999761581e-001  7.401816043258e-001
 191    7.162500023842e-001  7.423621931672e-001
 192    7.200000286102e-001  7.442048874497e-001
 193    7.237499952316e-001  7.457033720613e-001
 194    7.275000214577e-001  7.468517184258e-001
 195    7.312499880791e-001  7.476445987821e-001
 196    7.350000143051e-001  7.480772861838e-001
 197    7.387499809265e-001  7.481455430388e-001
 198    7.425000071526e-001  7.478460881114e-001
 199    7.462499737740e-001  7.471763649583e-001
 200    7.500000000000e-001  7.461348801851e-001
 201    7.537500262260e-001  7.447211995721e-001
 202    7.574999928474e-001  7.429359307885e-001
 203    7.612500190735e-001  7.407812067866e-001
 204    7.649999856949e-001  7.382604551315e-001
 205    7.687500119209e-001  7.353783854842e-001
 206    7.724999785423e-001  7.321414336562e-001
 207    7.762500047684e-001  7.285571300983e-001
 208    7.799999713898e-001  7.246343854070e-001
 209    7.837499976158e-001  7.203834268451e-001
 210    7.875000238419e-001  7.158153495193e-001
 211    7.912499904633e-001  7.109421288967e-001
 212    7.950000166893e-001  7.057763901353e-001
 213    7.987499833107e-001  7.003311476111e-001
 214    8.025000095367e-001  6.946196031570e-001
 215    8.062499761581e-001  6.886550268531e-001
 216    8.100000023842e-001  6.824504062533e-001
 217    8.137500286102e-001  6.760184761882e-001
 218    8.174999952316e-001  6.693717437983e-001
 219    8.212500214577e-001  6.625219714642e-001
 220    8.249999880791e-001  6.554806381464e-001
 221    8.287500143051e-001  6.482585886121e-001
 222    8.324999809265e-001  6.408662813902e-001
 223    8.362500071526e-001  6.333137455583e-001
 224    8.399999737740e-001  6.256106960773e-001
 225    8.437500000000e-001  6.177665039897e-001
 226    8.475000262260e-001  6.097902223468e-001
 227    8.512499928474e-001  6.016910341382e-001
 228    8.550000190735e-001  5.934776976705e-001
 229    8.587499856949e-001  5.851590549946e-001
 230    8.625000119209e-001  5.767438694835e-001
 231    8.662499785423e-001  5.682408267260e-001
 232    8.700000047684e-001  5.596585172415e-001
 233    8.737499713898e-001  5.510055522621e-001
 234    8.774999976158e-001  5.422904743254e-001
 235    8.812500238419e-001  5.335217192769e-001
 236    8.849999904633e-001  5.247075268626e-001
 237    8.887500166893e-001  5.158563597500e-001
 238    8.924999833107e-001  5.069762946665e-001
 239    8.962500095367e-001  4.980755019188e-001
 240    8.999999761581e-001  4.891620354354e-001
 241    9.037500023842e-001  4.802439638972e-001
 242    9.075000286102e-001  4.713293212652e-001
 243    9.112499952316e-001  4.624260687828e-001
 244    9.150000214577e-001  4.535422208905e-001
 245    9.187499880791e-001  4.446857702732e-001
 246    9.225000143051e-001  4.358645768464e-001
 247    9.262499809265e-001  4.270864979923e-001
 248    9.300000071526e-001  4.183592194319e-001
 249    9.337499737740e-001  4.096902701259e-001
 250    9.375000000000e-001  4.010868915915e-001
 251    9.412500262260e-001  3.925560484827e-001
 252    9.449999928474e-001  3.841042594612e-001
 253    9.487500190735e-001  3.757375775278e-001
 254    9.524999856949e-001  3.674615198374e-001
 255    9.562500119209e-001  3.592810177803e-001
 256    9.599999785423e-001  3.512002290785e-001
 257    9.637500047684e-001  3.432227256894e-001
 258    9.674999713898e-001  3.353511901200e-001
 259    9.712499976158e-001  3.275875821710e-001
 260    9.750000238419e-001  3.199330341816e-001
 261    9.787499904633e-001  3.123878851533e-001
 262    9.825000166893e-001  3.049516639113e-001
 263    9.862499833107e-001  2.976231722534e-001
 264    9.900000095367e-001  2.904004681110e-001
 265    9.937499761581e-001  2.832810515165e-001
 266    9.975000023842e-001  2.762618242204e-001
 267    1.001250028610e+000  2.693392650783e-001
 268    1.004999995232e+000  2.625095304847e-001
 269    1.008749961853e+000  2.557685893774e-001
 270    1.012500047684e+000  2.491123707592e-001
 271    1.016250014305e+000  2.425369145721e-001
 272    1.019999980927e+000  2.360385331511e-001
 273    1.023749947548e+000  2.296138957888e-001
 274    1.027500033379e+000  2.232602382451e-001
 275    1.031250000000e+000  2.169754153490e-001
 276    1.034999966621e+000  2.107580355555e-001
 277    1.038750052452e+000  2.046074974537e-001
 278    1.042500019073e+000  1.985240183771e-001
 279    1.046249985695e+000  1.925086581707e-001
 280    1.049999952316e+000  1.865632238239e-001
 281    1.053750038147e+000  1.806902372837e-001
 282    1.057500004768e+000  1.748928254098e-001
 283    1.061249971390e+000  1.691745112091e-001
 284    1.065000057220e+000  1.635391475260e-001
 285    1.068750023842e+000  1.579905994236e-001
 286    1.072499990463e+000  1.525326937437e-001
 287    1.076249957085e+000  1.471688767523e-001
 288    1.080000042915e+000  1.419020891935e-001
 289    1.083750009537e+000  1.367345724255e-001
 290    1.087499976158e+000  1.316676663607e-001
 291    1.091249942780e+000  1.267017088085e-001
 292    1.095000028610e+000  1.218358591199e-001
 293    1.098749995232e+000  1.170680660009e-001
 294    1.102499961853e+000  1.123950117826e-001
 295    1.106250047684e+000  1.078120875359e-001
 296    1.110000014305e+000  1.033134238422e-001
 297    1.113749980927e+000  9.889197967947e-002
 298    1.117499947548e+000  9.453962314874e-002
 299    1.121250033379e+000  9.024725448340e-002
 300    1.125000000000e+000  8.600499633700e-002
 301    1.128749966621e+000  8.180235318840e-002
 302    1.132500052452e+000  7.762843478471e-002
 303    1.136250019073e+000  7.347215507179e-002
 304    1.139999985695e+000  6.932247918099e-002
 305    1.143749952316e+000  6.516864255071e-002
 306    1.147500038147e+000  6.100038733333e-002
 307    1.151250004768e+000  5.680818254128e-002
 308    1.154999971390e+000  5.258344298229e-002
 309    1.158750057220e+000  4.831869605929e-002
 310    1.162500023842e+000  4.400778058916e-002
 311    1.166249990463e+000  3.964595293626e-002
 312    1.169999957085e+000  3.523001981899e-002
 313    1.173750042915e+000  3.075838515535e-002
 314    1.177500009537e+000  2.623109770007e-002
 315    1.181249976158e+000  2.164982466958e-002
 316    1.184999942780e+000  1.701780191623e-002
 317    1.188750028610e+000  1.233974668197e-002
 318    1.192499995232e+000  7.621718347073e-003
 319    1.196249961853e+000  2.870953622041e-003
 320    1.200000047684e+000 -1.904328348610e-003
 321    1.203750014305e+000 -6.695146933416e-003
 322    1.207499980927e+000 -1.149199632928e-002
 323    1.211249947548e+000 -1.628508856986e-002
 324    1.215000033379e+000 -2.106459664647e-002
 325    1.218750000000e+000 -2.582088925876e-002
 326    1.222499966621e+000 -3.054474806413e-002
 327    1.226250052452e+000 -3.522755742073e-002
 328    1.230000019073e+000 -3.986147070304e-002
 329    1.233749985695e+000 -4.443952452391e-002
 330    1.237499952316e+000 -4.895574176684e-002
 331    1.241250038147e+000 -5.340516377240e-002
 332    1.245000004768e+000 -5.778388660401e-002
 333    1.248749971390e+000 -6.208901148289e-002
 334    1.252500057220e+000 -6.631861371920e-002
 335    1.256250023842e+000 -7.047167999670e-002
 336    1.259999990463e+000 -7.454799044877e-002
 337    1.263749957085e+000 -7.854809679091e-002
 338    1.267500042915e+000 -8.247315328568e-002
 339    1.271250009537e+000 -8.632493115962e-002
 340    1.274999976158e+000 -9.010566633195e-002
 341    1.278749942780e+000 -9.381809558719e-002
 342    1.282500028610e+000 -9.746539302170e-002
 343    1.286249995232e+000 -1.010511420667e-001
 344    1.289999961853e+000 -1.045794105902e-001
 345    1.293750047684e+000 -1.080546835065e-001
 346    1.297500014305e+000 -1.114819516987e-001
 347    1.301249980927e+000 -1.148666674644e-001
 348    1.304999947548e+000 -1.182147656754e-001
 349    1.308750033379e+000 -1.215326079354e-001
 350    1.312500000000e+000 -1.248269535229e-001
 351    1.316249966621e+000 -1.281048277393e-001
 352    1.320000052452e+000 -1.313734083995e-001
 353    1.323750019073e+000 -1.346398211271e-001
 354    1.327499985695e+000 -1.379109829664e-001
 355    1.331249952316e+000 -1.411933044344e-001
 356    1.335000038147e+000 -1.444925170392e-001
 357    1.338750004768e+000 -1.478133540601e-001
 358    1.342499971390e+000 -1.511593674868e-001
 359    1.346250057220e+000 -1.545326257497e-001
 360    1.350000023842e+000 -1.579336538911e-001
 361    1.353749990463e+000 -1.613611642271e-001
 362    1.357499957085e+000 -1.648120854050e-001
 363    1.361250042915e+000 -1.682815025747e-001
 364    1.365000009537e+000 -1.717626989633e-001
 365    1.368749976158e+000 -1.752473230660e-001
 366    1.372499942780e+000 -1.787255369127e-001
 367    1.376250028610e+000 -1.821862825006e-001
 368    1.379999995232e+000 -1.856175372005e-001
 369    1.383749961853e+000 -1.890066719800e-001
 370    1.387500047684e+000 -1.923407442868e-001
 371    1.391250014305e+000 -1.956069074571e-001
 372    1.394999980927e+000 -1.987926920503e-001
 373    1.398749947548e+000 -2.018863424659e-001
 374    1.402500033379e+000 -2.048771239817e-001
 375    1.406250000000e+000 -2.077555526793e-001
 376    1.409999966621e+000 -2.105136530101e-001
 377    1.413750052452e+000 -2.131450608373e-001
 378    1.417500019073e+000 -2.156452370435e-001
 379    1.421249985695e+000 -2.180114701390e-001
 380    1.424999952316e+000 -2.202429680526e-001
 381    1.428750038147e+000 -2.223408583552e-001
 382    1.432500004768e+000 -2.243081860989e-001
 383    1.436249971390e+000 -2.261498061568e-001
 384    1.440000057220e+000 -2.278724075109e-001
 385    1.443750023842e+000 -2.294843092561e-001
 386    1.447499990463e+000 -2.309954274446e-001
 387    1.451249957085e+000 -2.324170994759e-001
 388    1.455000042915e+000 -2.337618779391e-001
 389    1.458750009537e+000 -2.350434544683e-001
 390    1.462499976158e+000 -2.362763548642e-001
 391    1.466249942780e+000 -2.374757723510e-001
 392    1.470000028610e+000 -2.386572605371e-001
 393    1.473749995232e+000 -2.398365397751e-001
 394    1.477499961853e+000 -2.410291603208e-001
 395    1.481250047684e+000 -2.422502820194e-001
 396    1.485000014305e+000 -2.435142990202e-001
 397    1.488749980927e+000 -2.448346418142e-001
 398    1.492499947548e+000 -2.462234449387e-001
 399    1.496250033379e+000 -2.476913744956e-001
 400    1.500000000000e+000 -2.492473013699e-001