 0    0.000000000000e+000  0.000000000000e+000
 1    3.749999916181e-003  2.999267773703e-003
 2    7.499999832362e-003  5.996736232191e-003
 3    1.125000044703e-002  8.991220965981e-003
 4    1.499999966472e-002  1.198154501617e-002
 5    1.875000074506e-002  1.496661175042e-002
 6    2.250000089407e-002  1.794545724988e-002
 7    2.624999918044e-002  2.091727405787e-002
 8    2.999999932945e-002  2.388143353164e-002
 9    3.375000134110e-002  2.683749981225e-002
 10    3.750000149012e-002  2.978521957994e-002
 11    4.125000163913e-002  3.272452950478e-002
 12    4.500000178814e-002  3.565554320812e-002
 13    4.874999821186e-002  3.857853263617e-002
 14    5.249999836087e-002  4.149391502142e-002
 15    5.624999850988e-002  4.440220445395e-002
 16    5.999999865890e-002  4.730402305722e-002
 17    6.374999880791e-002  5.020001903176e-002
 18    6.750000268221e-002  5.309087783098e-002
 19    7.124999910593e-002  5.597725510597e-002
 20    7.500000298023e-002  5.885976180434e-002
 21    7.874999940395e-002  6.173894554377e-002
 22    8.250000327826e-002  6.461525708437e-002
 23    8.624999970198e-002  6.748904287815e-002
 24    9.000000357628e-002  7.036054134369e-002
 25    9.375000000000e-002  7.322990149260e-002
 26    9.749999642372e-002  7.609716802835e-002
 27    1.012500002980e-001  7.896228134632e-002
 28    1.049999967217e-001  8.182513713837e-002
 29    1.087500005960e-001  8.468555659056e-002
 30    1.124999970198e-001  8.754332363605e-002
 31    1.162500008941e-001  9.039818495512e-002
 32    1.199999973178e-001  9.324986487627e-002
 33    1.237500011921e-001  9.609805047512e-002
 34    1.274999976158e-001  9.894243627787e-002
 35    1.312499940395e-001  1.017827019095e-001
 36    1.350000053644e-001  1.046185269952e-001
 37    1.387500017881e-001  1.074495911598e-001
 38    1.424999982119e-001  1.102755963802e-001
 39    1.462499946356e-001  1.130962595344e-001
 40    1.500000059605e-001  1.159113347530e-001
 41    1.537500023842e-001  1.187206208706e-001
 42    1.574999988079e-001  1.215239539742e-001
 43    1.612499952316e-001  1.243212223053e-001
 44    1.650000065565e-001  1.271123737097e-001
 45    1.687500029802e-001  1.298974156380e-001
 46    1.724999994040e-001  1.326763480902e-001
 47    1.762499958277e-001  1.354492455721e-001
 48    1.800000071526e-001  1.382162123919e-001
 49    1.837500035763e-001  1.409773379564e-001
 50    1.875000000000e-001  1.437327414751e-001
 51    1.912499964237e-001  1.464825272560e-001
 52    1.949999928474e-001  1.492267847061e-001
 53    1.987500041723e-001  1.519656330347e-001
 54    2.025000005960e-001  1.546991318464e-001
 55    2.062499970198e-001  1.574273556471e-001
 56    2.099999934435e-001  1.601503789425e-001
 57    2.137500047684e-001  1.628682315350e-001
 58    2.175000011921e-001  1.655809581280e-001
 59    2.212499976158e-001  1.682886034250e-001
 60    2.249999940395e-001  1.709911674261e-001
 61    2.287500053644e-001  1.736886352301e-001
 62    2.325000017881e-001  1.763809621334e-001
 63    2.362499982119e-001  1.790681183338e-001
 64    2.399999946356e-001  1.817499995232e-001
 65    2.437500059605e-001  1.844264715910e-001
 66    2.475000023842e-001  1.870974302292e-001
 67    2.512499988079e-001  1.897626668215e-001
 68    2.549999952316e-001  1.924220323563e-001
 69    2.587499916553e-001  1.950753331184e-001
 70    2.624999880791e-001  1.977223604918e-001
 71    2.662500143051e-001  2.003629654646e-001
 72    2.700000107288e-001  2.029969543219e-001
 73    2.737500071526e-001  2.056241929531e-001
 74    2.775000035763e-001  2.082445472479e-001
 75    2.812500000000e-001  2.108579128981e-001
 76    2.849999964237e-001  2.134642452002e-001
 77    2.887499928474e-001  2.160634994507e-001
 78    2.924999892712e-001  2.186556607485e-001
 79    2.962499856949e-001  2.212407588959e-001
 80    3.000000119209e-001  2.238188683987e-001
 81    3.037500083447e-001  2.263900637627e-001
 82    3.075000047684e-001  2.289544641972e-001
 83    3.112500011921e-001  2.315122485161e-001
 84    3.149999976158e-001  2.340635657310e-001
 85    3.187499940395e-001  2.366086393595e-001
 86    3.224999904633e-001  2.391476780176e-001
 87    3.262499868870e-001  2.416809052229e-001
 88    3.300000131130e-001  2.442085742950e-001
 89    3.337500095367e-001  2.467309087515e-001
 90    3.375000059605e-001  2.492481023073e-001
 91    3.412500023842e-001  2.517603635788e-001
 92    3.449999988079e-001  2.542678415775e-001
 93    3.487499952316e-001  2.567707002163e-001
 94    3.524999916553e-001  2.592689990997e-001
 95    3.562499880791e-001  2.617628276348e-001
 96    3.600000143051e-001  2.642522156239e-001
 97    3.637500107288e-001  2.667371630669e-001
 98    3.675000071526e-001  2.692176103592e-001
 99    3.712500035763e-001  2.716935276985e-001
 100    3.750000000000e-001  2.741647660732e-001
 101    3.787499964237e-001  2.766312658787e-001
 102    3.824999928474e-001  2.790928781033e-001
 103    3.862499892712e-001  2.815494239330e-001
 104    3.899999856949e-001  2.840007245541e-001
 105    3.937500119209e-001  2.864466309547e-001
 106    3.975000083447e-001  2.888869643211e-001
 107    4.012500047684e-001  2.913215160370e-001
 108    4.050000011921e-001  2.937501370907e-001
 109    4.087499976158e-001  2.961726486683e-001
 110    4.124999940395e-001  2.985889315605e-001
 111    4.162499904633e-001  3.009988665581e-001
 112    4.199999868870e-001  3.034023642540e-001
 113    4.237500131130e-001  3.057994246483e-001
 114    4.275000095367e-001  3.081900179386e-001
 115    4.312500059605e-001  3.105741441250e-001
 116    4.350000023842e-001  3.129518926144e-001
 117    4.387499988079e-001  3.153232932091e-001
 118    4.424999952316e-001  3.176884353161e-001
 119    4.462499916553e-001  3.200474381447e-001
 120    4.499999880791e-001  3.224003911018e-001
 121    4.537500143051e-001  3.247473835945e-001
 122    4.575000107288e-001  3.270884752274e-001
 123    4.612500071526e-001  3.294237852097e-001
 124    4.650000035763e-001  3.317533731461e-001
 125    4.687500000000e-001  3.340772688389e-001
 126    4.724999964237e-001  3.363955020905e-001
 127    4.762499928474e-001  3.387081325054e-001
 128    4.799999892712e-001  3.410151302814e-001
 129    4.837499856949e-001  3.433164954185e-001
 130    4.875000119209e-001  3.456121981144e-001
 131    4.912500083447e-001  3.479021787643e-001
 132    4.950000047684e-001  3.501863777637e-001
 133    4.987500011921e-001  3.524647355080e-001
 134    5.024999976158e-001  3.547371327877e-001
 135    5.062500238419e-001  3.570034801960e-001
 136    5.099999904633e-001  3.592636287212e-001
 137    5.137500166893e-001  3.615174293518e-001
 138    5.174999833107e-001  3.637647926807e-001
 139    5.212500095367e-001  3.660055696964e-001
 140    5.249999761581e-001  3.682396411896e-001
 141    5.287500023842e-001  3.704668581486e-001
 142    5.325000286102e-001  3.726871609688e-001
 143    5.362499952316e-001  3.749004304409e-001
 144    5.400000214577e-001  3.771066069603e-001
 145    5.437499880791e-001  3.793056309223e-001
 146    5.475000143051e-001  3.814975023270e-001
 147    5.512499809265e-001  3.836822211742e-001
 148    5.550000071526e-001  3.858597278595e-001
 149    5.587499737740e-001  3.880300819874e-001
 150    5.625000000000e-001  3.901933431625e-001
 151    5.662500262260e-001  3.923495411873e-001
 152    5.699999928474e-001  3.944987356663e-001
 153    5.737500190735e-001  3.966410458088e-001
 154    5.774999856949e-001  3.987765610218e-001
 155    5.812500119209e-001  4.009054005146e-001
 156    5.849999785423e-001  4.030276536942e-001
 157    5.887500047684e-001  4.051434099674e-001
 158    5.924999713898e-001  4.072528481483e-001
 159    5.962499976158e-001  4.093560278416e-001
 160    6.000000238419e-001  4.114530682564e-001
 161    6.037499904633e-001  4.135440289974e-001
 162    6.075000166893e-001  4.156289994717e-001
 163    6.112499833107e-001  4.177080094814e-001
 164    6.150000095367e-001  4.197810590267e-001
 165    6.187499761581e-001  4.218482077122e-001
 166    6.225000023842e-001  4.239093661308e-001
 167    6.262500286102e-001  4.259645342827e-001
 168    6.299999952316e-001  4.280136525631e-001
 169    6.337500214577e-001  4.300566315651e-001
 170    6.374999880791e-001  4.320934116840e-001
 171    6.412500143051e-001  4.341239035130e-001
 172    6.449999809265e-001  4.361480176449e-001
 173    6.487500071526e-001  4.381656944752e-001
 174    6.524999737740e-001  4.401767849922e-001
 175    6.562500000000e-001  4.421812593937e-001
 176    6.600000262260e-001  4.441790282726e-001
 177    6.637499928474e-001  4.461700022221e-001
 178    6.675000190735e-001  4.481540918350e-001
 179    6.712499856949e-001  4.501312971115e-001
 180    6.750000119209e-001  4.521015286446e-001
 181    6.787499785423e-001  4.540647566319e-001
 182    6.825000047684e-001  4.560209214687e-001
 183    6.862499713898e-001  4.579700231552e-001
 184    6.899999976158e-001  4.599120318890e-001
 185    6.937500238419e-001  4.618469476700e-001
 186    6.974999904633e-001  4.637747704983e-001
 187    7.012500166893e-001  4.656955003738e-001
 188    7.049999833107e-001  4.676091670990e-001
 189    7.087500095367e-001  4.695157706738e-001
 190    7.124999761581e-001  4.714153409004e-001
 191    7.162500023842e-001  4.733079075813e-001
 192    7.200000286102e-001  4.751935005188e-001
 193    7.237499952316e-001  4.770721793175e-001
 194    7.275000214577e-001  4.789439439774e-001
 195    7.312499880791e-001  4.808088839054e-001
 196    7.350000143051e-001  4.826669692993e-001
 197    7.387499809265e-001  4.845182895660e-001
 198    7.425000071526e-001  4.863628745079e-001
 199    7.462499737740e-001  4.882007241249e-001
 200    7.500000000000e-001  4.900318980217e-001
 201    7.537500262260e-001  4.918564260006e-001
 202    7.574999928474e-001  4.936743080616e-001
 203    7.612500190735e-001  4.954855740070e-001
 204    7.649999856949e-001  4.972902536392e-001
 205    7.687500119209e-001  4.990883469582e-001
 206    7.724999785423e-001  5.008798837662e-001
 207    7.762500047684e-001  5.026648640633e-001
 208    7.799999713898e-001  5.044433474541e-001
 209    7.837499976158e-001  5.062154531479e-001
 210    7.875000238419e-001  5.079812407494e-001
 211    7.912499904633e-001  5.097407698631e-001
 212    7.950000166893e-001  5.114941596985e-001
 213    7.987499833107e-001  5.132415890694e-001
 214    8.025000095367e-001  5.149831175804e-001
 215    8.062499761581e-001  5.167189240456e-001
 216    8.100000023842e-001  5.184492468834e-001
 217    8.137500286102e-001  5.201740860939e-001
 218    8.174999952316e-001  5.218936204910e-001
 219    8.212500214577e-001  5.236079692841e-001
 220    8.249999880791e-001  5.253171920776e-001
 221    8.287500143051e-001  5.270213484764e-001
 222    8.324999809265e-001  5.287203788757e-001
 223    8.362500071526e-001  5.304144024849e-001
 224    8.399999737740e-001  5.321033000946e-001
 225    8.437500000000e-001  5.337869524956e-001
 226    8.475000262260e-001  5.354652404785e-001
 227    8.512499928474e-001  5.371381640434e-001
 228    8.550000190735e-001  5.388053655624e-001
 229    8.587499856949e-001  5.404668450356e-001
 230    8.625000119209e-001  5.421222448349e-001
 231    8.662499785423e-001  5.437714457512e-001
 232    8.700000047684e-001  5.454142093658e-001
 233    8.737499713898e-001  5.470502376556e-001
 234    8.774999976158e-001  5.486792325974e-001
 235    8.812500238419e-001  5.503010749817e-001
 236    8.849999904633e-001  5.519153475761e-001
 237    8.887500166893e-001  5.535219311714e-001
 238    8.924999833107e-001  5.551205277443e-001
 239    8.962500095367e-001  5.567109584808e-001
 240    8.999999761581e-001  5.582929849625e-001
 241    9.037500023842e-001  5.598664879799e-001
 242    9.075000286102e-001  5.614314079285e-001
 243    9.112499952316e-001  5.629876255989e-001
 244    9.150000214577e-001  5.645352005959e-001
 245    9.187499880791e-001  5.660741925240e-001
 246    9.225000143051e-001  5.676048398018e-001
 247    9.262499809265e-001  5.691272616386e-001
 248    9.300000071526e-001  5.706418156624e-001
 249    9.337499737740e-001  5.721488595009e-001
 250    9.375000000000e-001  5.736488699913e-001
 251    9.412500262260e-001  5.751423239708e-001
 252    9.449999928474e-001  5.766297578812e-001
 253    9.487500190735e-001  5.781118273735e-001
 254    9.524999856949e-001  5.795891880989e-001
 255    9.562500119209e-001  5.810624957085e-001
 256    9.599999785423e-001  5.825323462486e-001
 257    9.637500047684e-001  5.839994549751e-001
 258    9.674999713898e-001  5.854644179344e-001
 259    9.712499976158e-001  5.869278907776e-001
 260    9.750000238419e-001  5.883903503418e-001
 261    9.787499904633e-001  5.898522734642e-001
 262    9.825000166893e-001  5.913140177727e-001
 263    9.862499833107e-001  5.927760004997e-001
 264    9.900000095367e-001  5.942382216454e-001
 265    9.937499761581e-001  5.957009792328e-001
 266    9.975000023842e-001  5.971640944481e-001
 267    1.001250028610e+000  5.986275672913e-001
 268    1.004999995232e+000  6.000910401344e-001
 269    1.008749961853e+000  6.015543341637e-001
 270    1.012500047684e+000  6.030168533325e-001
 271    1.016250014305e+000  6.044781804085e-001
 272    1.019999980927e+000  6.059377193451e-001
 273    1.023749947548e+000  6.073947548866e-001
 274    1.027500033379e+000  6.088486313820e-001
 275    1.031250000000e+000  6.102986335754e-001
 276    1.034999966621e+000  6.117439270020e-001
 277    1.038750052452e+000  6.131839156151e-001
 278    1.042500019073e+000  6.146178841591e-001
 279    1.046249985695e+000  6.160451173782e-001
 280    1.049999952316e+000  6.174650788307e-001
 281    1.053750038147e+000  6.188773512840e-001
 282    1.057500004768e+000  6.202814579010e-001
 283    1.061249971390e+000  6.216772198677e-001
 284    1.065000057220e+000  6.230642795563e-001
 285    1.068750023842e+000  6.244427561760e-001
 286    1.072499990463e+000  6.258125305176e-001
 287    1.076249957085e+000  6.271738409996e-001
 288    1.080000042915e+000  6.285268068314e-001
 289    1.083750009537e+000  6.298718452454e-001
 290    1.087499976158e+000  6.312091350555e-001
 291    1.091249942780e+000  6.325392723083e-001
 292    1.095000028610e+000  6.338625550270e-001
 293    1.098749995232e+000  6.351795792580e-001
 294    1.102499961853e+000  6.364907026291e-001
 295    1.106250047684e+000  6.377965807915e-001
 296    1.110000014305e+000  6.390975713730e-001
 297    1.113749980927e+000  6.403942704201e-001
 298    1.117499947548e+000  6.416870951653e-001
 299    1.121250033379e+000  6.429765820503e-001
 300    1.125000000000e+000  6.442630290985e-001
 301    1.128749966621e+000  6.455469131470e-001
 302    1.132500052452e+000  6.468285918236e-001
 303    1.136250019073e+000  6.481083631516e-001
 304    1.139999985695e+000  6.493864655495e-001
 305    1.143749952316e+000  6.506631970406e-001
 306    1.147500038147e+000  6.519386768341e-001
 307    1.151250004768e+000  6.532129645348e-001
 308    1.154999971390e+000  6.544861197472e-001
 309    1.158750057220e+000  6.557581424713e-001
 310    1.162500023842e+000  6.570289731026e-001
 311    1.166249990463e+000  6.582984328270e-001
 312    1.169999957085e+000  6.595663428307e-001
 313    1.173750042915e+000  6.608325839043e-001
 314    1.177500009537e+000  6.620968580246e-001
 315    1.181249976158e+000  6.633589267731e-001
 316    1.184999942780e+000  6.646185517311e-001
 317    1.188750028610e+000  6.658755540848e-001
 318    1.192499995232e+000  6.671296954155e-001
 319    1.196249961853e+000  6.683808565140e-001
 320    1.200000047684e+000  6.696290373802e-001
 321    1.203750014305e+000  6.708740592003e-001
 322    1.207499980927e+000  6.721161007881e-001
 323    1.211249947548e+000  6.733551621437e-001
 324    1.215000033379e+000  6.745914220810e-001
 325    1.218750000000e+000  6.758251786232e-001
 326    1.222499966621e+000  6.770567297935e-001
 327    1.226250052452e+000  6.782863736153e-001
 328    1.230000019073e+000  6.795144081116e-001
 329    1.233749985695e+000  6.807413697243e-001
 330    1.237499952316e+000  6.819675564766e-001
 331    1.241250038147e+000  6.831933856010e-001
 332    1.245000004768e+000  6.844192147255e-001
 333    1.248749971390e+000  6.856454610825e-001
 334    1.252500057220e+000  6.868722438812e-001
 335    1.256250023842e+000  6.880999803543e-001
 336    1.259999990463e+000  6.893287301064e-001
 337    1.263749957085e+000  6.905586719513e-001
 338    1.267500042915e+000  6.917898058891e-001
 339    1.271250009537e+000  6.930220127106e-001
 340    1.274999976158e+000  6.942552328110e-001
 341    1.278749942780e+000  6.954892277718e-001
 342    1.282500028610e+000  6.967236995697e-001
 343    1.286249995232e+000  6.979582905769e-001
 344    1.289999961853e+000  6.991925239563e-001
 345    1.293750047684e+000  7.004258632660e-001
 346    1.297500014305e+000  7.016578316689e-001
 347    1.301249980927e+000  7.028877735138e-001
 348    1.304999947548e+000  7.041151523590e-001
 349    1.308750033379e+000  7.053393721581e-001
 350    1.312500000000e+000  7.065598964691e-001
 351    1.316249966621e+000  7.077761888504e-001
 352    1.320000052452e+000  7.089878320694e-001
 353    1.323750019073e+000  7.101944088936e-001
 354    1.327499985695e+000  7.113955616951e-001
 355    1.331249952316e+000  7.125912308693e-001
 356    1.335000038147e+000  7.137811183929e-001
 357    1.338750004768e+000  7.149653434753e-001
 358    1.342499971390e+000  7.161437869072e-001
 359    1.346250057220e+000  7.173166871071e-001
 360    1.350000023842e+000  7.184841036797e-001
 361    1.353749990463e+000  7.196462750435e-001
 362    1.357499957085e+000  7.208034396172e-001
 363    1.361250042915e+000  7.219557762146e-001
 364    1.365000009537e+000  7.231035232544e-001
 365    1.368749976158e+000  7.242469787598e-001
 366    1.372499942780e+000  7.253862023354e-001
 367    1.376250028610e+000  7.265215516090e-001
 368    1.379999995232e+000  7.276529669762e-001
 369    1.383749961853e+000  7.287807464600e-001
 370    1.387500047684e+000  7.299048304558e-001
 371    1.391250014305e+000  7.310252785683e-001
 372    1.394999980927e+000  7.321420907974e-001
 373    1.398749947548e+000  7.332552671432e-001
 374    1.402500033379e+000  7.343646287918e-001
 375    1.406250000000e+000  7.354701757431e-001
 376    1.409999966621e+000  7.365717291832e-001
 377    1.413750052452e+000  7.376691102982e-001
 378    1.417500019073e+000  7.387622594833e-001
 379    1.421249985695e+000  7.398509383202e-001
 380    1.424999952316e+000  7.409349679947e-001
 381    1.428750038147e+000  7.420142889023e-001
 382    1.432500004768e+000  7.430887222290e-001
 383    1.436249971390e+000  7.441583275795e-001
 384    1.440000057220e+000  7.452229857445e-001
 385    1.443750023842e+000  7.462827563286e-001
 386    1.447499990463e+000  7.473377585411e-001
 387    1.451249957085e+000  7.483882308006e-001
 388    1.455000042915e+000  7.494343519211e-001
 389    1.458750009537e+000  7.504764199257e-001
 390    1.462499976158e+000  7.515147924423e-001
 391    1.466249942780e+000  7.525499463081e-001
 392    1.470000028610e+000  7.535822391510e-001
 393    1.473749995232e+000  7.546122670174e-001
 394    1.477499961853e+000  7.556404471397e-001
 395    1.481250047684e+000  7.566673159599e-001
 396    1.485000014305e+000  7.576934099197e-001
 397    1.488749980927e+000  7.587192654610e-001
 398    1.492499947548e+000  7.597454190254e-001
 399    1.496250033379e+000  7.607722282410e-001
 400    1.500000000000e+000  7.618002891541e-001