0.337774824676804
0.337775056554311
0.337780291162836
0.337790525797352
0.337805755254976
0.337825971835985
0.337851165345771
0.337881323097773
0.337916429917348
0.337956468146608
0.338001417650201
0.338051255822072
0.338105957593168
0.338165495440137
0.338229839394973
0.338298957055674
0.338372813597886
0.338451371787570
0.338534591994667
0.338622432207838
0.338714848050251
0.338811792796461
0.338913217390385
0.339019070464460
0.339129298359899
0.339243845148217
0.339362652653933
0.339485660478597
0.339612806026073
0.339744024529214
0.339879249077895
0.340018410648502
0.340161438134868
0.340308258380762
0.340458796213914
0.340612974481641
0.340770714088135
0.340931934033426
0.341096551454070
0.341264481665586
0.341435638206691
0.341609932885340
0.341787275826610
0.341967575522430
0.342150738883192
0.342336671291221
0.342525276656119
0.342716457471940
0.342910114869265
0.343106148469306
0.343304456298378
0.343504934637532
0.343707478530642
0.343911982036145
0.344118338152546
0.344326438872339
0.344536176602412
0.344747444392902
0.344960135626345
0.345174144427702
0.345389365414210
0.345605694319062
0.345823027375576
0.346041261040189
0.346260291910388
0.346480016857923
0.346700333231824
0.346921138930520
0.347142332495814
0.347363812998521
0.347585480092425
0.347807234064443
0.348028975919332
0.348250607468975
0.348472031386163
0.348693151281059
0.348913871720483
0.349134098254553
0.349353737478329
0.349572697097509
0.349790885988602
0.350008214243991
0.350224593223621
0.350439935608273
0.350654155429942
0.350867168110809
0.351078890499388
0.351289240908899
0.351498139146760
0.351705506543156
0.351911265975789
0.352115341889113
0.352317660319462
0.352518148912557
0.352716736932374
0.352913355277994
0.353107936495984
0.353300414787374
0.353490726006487
0.353678807667301
0.353864598947178
0.354048040685752
0.354229075386534
0.354407647215534
0.354583701987724
0.354757187157731
0.354928051809588
0.355096246644669
0.355261723965946
0.355424437671953
0.355584343239193
0.355741397702580
0.355895559637836
0.356046789143066
0.356195047819590
0.356340298752281
0.356482506489161
0.356621637020686
0.356757657758600
0.356890537514479
0.357020246478059
0.357146756195371
0.357270039546799
0.357390070725302
0.357506825232422
0.357620279880312
0.357730412739748
0.357837203114350
0.357940631519059
0.358040679664072
0.358137330492372
0.358230568144187
0.358320377903615
0.358406746169236
0.358489660440899
0.358569109309354
0.358645082515337
0.358717570912742
0.358786566482446
0.358852062270916
0.358914052344206
0.358972531779435
0.359027496694692
0.359078944200982
0.359126872370702
0.359171280220686
0.359212167695897
0.359249535659425
0.359283385879546
0.359313721019123
0.359340544645202
0.359363861206242
0.359383676008789
0.359399995206610
0.359412825757000
0.359422175297705
0.359428052245682
0.359430465828377
0.359429426066643
0.359424943772212
0.359417030608557
0.359405699702222
0.359390965563878
0.359372843628062
0.359351350174034
0.359326502578974
0.359298319066875
0.359266818598223
0.359232020866183
0.359193946291046
0.359152616024141
0.359108051921710
0.359060276493401
0.359009312995214
0.358955185684559
0.358897920333454
0.358837543695876
0.358774083224507
0.358707567170247
0.358638024448808
0.358565484709806
0.358489978489079
0.358411537070345
0.358330192430083
0.358245977185860
0.358158924645051
0.358069068807617
0.357976444129724
0.357881085789059
0.357783029811817
0.357682313078315
0.357578973306655
0.357473049044508
0.357364579677098
0.357253605457269
0.357140167794398
0.357024309265767
0.356906073383387
0.356785504603080
0.356662648338610
0.356537550983685
0.356410259951678
0.356280823682202
0.356149291578614
0.356015714024314
0.355880142454197
0.355742629393362
0.355603228491561
0.355461994536125
0.355318983465100
0.355174252384535
0.355027859576526
0.354879864463585
0.354730327434112
0.354579309987553
0.354426874900688
0.354273086249490
0.354118009418214
0.353961711005114
0.353804258833283
0.353645721981258
0.353486170799131
0.353325676909803
0.353164313193641
0.353002153775653
0.352839274014321
0.352675750494576
0.352511660986711
0.352347084425643
0.352182100998324
0.352016792026157
0.351851239785474
0.351685527512247
0.351519739362921
0.351353960296155
0.351188276017430
0.351022772953011
0.350857538407253
0.350692660307648
0.350528227023538
0.350364327030388
0.350201049026548
0.350038482082287
0.349876715542021
0.349715838833219
0.349555941402041
0.349397112685041