0.337766785464694
0.337752177824874
0.337737692309366
0.337723402342246
0.337709378971002
0.337695690026925
0.337682399341355
0.337669566027419
0.337657243834638
0.337645480581392
0.337634317668154
0.337623789672512
0.337613924025720
0.337604740769822
0.337596252394233
0.337588463751286
0.337581372051231
0.337574966938523
0.337569230652618
0.337564138277722
0.337559658086287
0.337555751981182
0.337552376040136
0.337549481163819
0.337547013826000
0.337544916920049
0.337543130691667
0.337541593743257
0.337540244090410
0.337539020247925
0.337537862319298
0.337536713062288
0.337535518902893
0.337534230870985
0.337532805433550
0.337531205204793
0.337529399516865
0.337527364840142
0.337525085053701
0.337522551712672
0.337519764033638
0.337516728532555
0.337513458731476
0.337509975038122
0.337506303956819
0.337502477362694
0.337498531633358
0.337494507079264
0.337490447884114
0.337486401226631
0.337482416905679
0.337478546774091
0.337474844848706
0.337471366601453
0.337468168052958
0.337465305314901
0.337462834373959
0.337460810619257
0.337459288844759
0.337458322598432
0.337457963713601
0.337458261888431
0.337459263997548
0.337461013464556
0.337463549650324
0.337466907190680
0.337471115226187
0.337476196747322
0.337482167982087
0.337489037864695
0.337496807629928
0.337505470527233
0.337515011731273
0.337525408433549
0.337536630126399
0.337548639086915
0.337561391033385
0.337574835938092
0.337588918968220
0.337603581520526
0.337618762308245
0.337634398458856
0.337650426580211
0.337666783755275
0.337683408430713
0.337700241170772
0.337717225257157
0.337734307124154
0.337751436629431
0.337768567170056
0.337785655663411
0.337802662420177
0.337819550941408
0.337836287675369
0.337852841778582
0.337869184912030
0.337885291052595
0.337901136387354
0.337916699287460
0.337931960348828
0.337946902473207
0.337961511023260
0.337975773987824
0.337989682129567
0.338003229093571
0.338016411453207
0.338029228609399
0.338041682619079
0.338053778122148
0.338065522055812
0.338076923314214
0.338087992562395
0.338098741957036
0.338109184496716
0.338119333713909
0.338129203550944
0.338138808259263
0.338148161949930
0.338157278314016
0.338166170563853
0.338174851530159
0.338183334027811
0.338191630477379
0.338199752636711
0.338207711702363
0.338215518040363
0.338223180721196
0.338230707171852
0.338238102995643
0.338245371904430
0.338252514958144
0.338259529505989
0.338266409160461
0.338273143470931
0.338279717638789
0.338286112397646
0.338292304029710
0.338298264541630
0.338303962231103
0.338309362294486
0.338314427130744
0.338319116904312
0.338323390404740
0.338327206075207
0.338330522879793
0.338333301191740
0.338335503367469
0.338337094429631
0.338338042695917
0.338338320254971
0.338337903281416
0.338336772194936
0.338334911678016
0.338332310538819
0.338328961463058
0.338324860747897
0.338320007946284
0.338314405458319
0.338308058143071
0.338300972965371
0.338293158688421
0.338284625637382
0.338275385523103
0.338265451346181
0.338254837376055
0.338243559202418
0.338231633832967
0.338219079825680
0.338205917440185
0.338192168791342
0.338177857988673
0.338163011244348
0.338147656955427
0.338131825738972
0.338115550415297
0.338098865943108
0.338081809308867
0.338064419375835
0.338046736708985
0.338028803537832
0.338010663526618
0.337992361320544
0.337973942360901
0.337955452537454
0.337936937846217
0.337918444047463
0.337900016265491
0.337881698647743
0.337863533953838
0.337845563099712
0.337827824730223
0.337810354803716
0.337793186210988
0.337776348433292
0.337759867275040
0.337743764643566
0.337728058475883
0.337712762767342
0.337697887682469
0.337683439764280
0.337669422270431
0.337655836171055
0.337642680544062
0.337629952425957
0.337617647068832
0.337605758309010
0.337594278775594
0.337583200190600
0.337572513685430
0.337562209935889
0.337552279406490
0.337542712860140
0.337533501989052
0.337524638293223
0.337516112543998
0.337507914781748
0.337500034226949
0.337492458758155
0.337485175259827
0.337478168890457
0.337471422687950
0.337464917477907
0.337458631877209
0.337452542350143
0.337446623307735
0.337440847242715
0.337435184892209
0.337429605420736
0.337424076618082
0.337418565109000
0.337413036574589
0.337407455987600
0.337401787866539
0.337395996554309
0.337390046530731
0.337383902814992
0.337377531522819
0.337370900334629
0.337363978787704
0.337356738584500
0.337349154048080
0.337341202579277
0.337332865094135
0.337324126421477
0.337314975639991
0.337305406336700
0.337295416771376