0.337772323888217
0.337765056032846
0.337757798067721
0.337750555912663
0.337743335400446
0.337736142275686
0.337728982195277
0.337721860730211
0.337714783368559
0.337707755519401
0.337700782517417
0.337693869627906
0.337687022051876
0.337680244930980
0.337673543351900
0.337666922349947
0.337660386911515
0.337653941975085
0.337647592430560
0.337641343116564
0.337635198815535
0.337629164246349
0.337623244054340
0.337617442798490
0.337611764935724
0.337606214802259
0.337600796591911
0.337595514331467
0.337590371853072
0.337585372763879
0.337580520412979
0.337575817855904
0.337571267816956
0.337566872649552
0.337562634295001
0.337558554240032
0.337554633473464
0.337550872442422
0.337547271008508
0.337543828404427
0.337540543191471
0.337537413218295
0.337534435581479
0.337531606588293
0.337528921722045
0.337526375610433
0.337523961997356
0.337521673718320
0.337519502671226
0.337517439456479
0.337515473205953
0.337513591569137
0.337511780156812
0.337510023633331
0.337508306041144
0.337506610603404
0.337504921814895
0.337503225935669
0.337501509279236
0.337499759134191
0.337497963615974
0.337496110721986
0.337494188191970
0.337492183571198
0.337490084256211
0.337487877783852
0.337485552196929
0.337483095743336
0.337480496846728
0.337477744024150
0.337474825850792
0.337471731062325
0.337468448577678
0.337464967504428
0.337461277103452
0.337457366802464
0.337453226250030
0.337448845366278
0.337444214350469
0.337439323668932
0.337434164068315
0.337428726593076
0.337423002600783
0.337416983774118
0.337410662130448
0.337404030028655
0.337397080173044
0.337389805614405
0.337382199748328
0.337374256312539
0.337365969381398
0.337357333356794
0.337348342958599
0.337338993212776
0.337329279437391
0.337319197226725
0.337308742433797
0.337297911151148
0.337286699690246
0.337275104559570
0.337263122441218
0.337250750166423
0.337237984689947
0.337224823063518
0.337211262407021
0.337197299877605
0.337182932643470
0.337168157854233
0.337152972610596
0.337137373933444
0.337121358732799
0.337104923776992
0.337088065662947
0.337070780782706
0.337053065296320
0.337034915108862
0.337016325831213
0.336997292748233
0.336977810789173
0.336957874498878
0.336937478010494
0.336916615024037
0.336895278782990
0.336873462046596
0.336851157080060
0.336828355634988
0.336805048923106
0.336781227604207
0.336756881771789
0.336732000947449
0.336706574285752
0.336680591747418
0.336654043672131
0.336626920832789
0.336599213604747
0.336570911785118
0.336542004646956
0.336512481689400
0.336482332602344
0.336451546717227
0.336420112760611
0.336388018855950
0.336355252587662
0.336321801302430
0.336287651917066
0.336252790807787
0.336217203832510
0.336180876386024
0.336143793450303
0.336105939643067
0.336067299259262
0.336027856334064
0.335987594750029
0.335946498303884
0.335904550730890
0.335861735759269
0.335818037192263
0.335773438992865
0.335727925410519
0.335681481024862
0.335634090814553
0.335585740174168
0.335536415019106
0.335486101880560
0.335434788003674
0.335382461409186
0.335329110952964
0.335274726397085
0.335219298478884
0.335162818986610
0.335105280927938
0.335046678633091
0.334987007667405
0.334926264833713
0.334864448274931
0.334801557514744
0.334737593502539
0.334672558655948
0.334606456887360
0.334539293630453
0.334471075941803
0.334401812485786
0.334331513569035
0.334260191142451
0.334187858830915
0.334114531930839
0.334040227336324
0.333964963608138
0.333888761051112
0.333811641699057
0.333733629327648
0.333654749580340
0.333575029868639
0.333494499350603
0.333413189032431
0.333331131724792
0.333248361962370
0.333164915995115
0.333080831779637
0.332996148935973
0.332910908681089
0.332825153876357
0.332738929019167
0.332652280220277
0.332565255164385
0.332477903082043
0.332390274792906
0.332302422622562
0.332214400357438
0.332126263215468
0.332038067807222
0.331949872094124
0.331861735343542
0.331773718081441
0.331685882056976
0.331598290186723
0.331511006472937
0.331424095944909
0.331337624593352
0.331251659303599
0.331166267780984
0.331081518465973
0.330997480632592
0.330914224884617
0.330831822493076
0.330750345103594
0.330669864682719
0.330590453479183
0.330512184225837
0.330435129693360
0.330359362437553
0.330284954811205
0.330211978962000
0.330140506431778
0.330070607738459
0.330002352208975
0.329935807973451
0.329871041807257
0.329808119004489
0.329747103319250
0.329688057813429
0.329631045047452
0.329576125658348
0.329523358075292
0.329472798450557
0.329424500557654
0.329378515526167