0.00605448697757662
0.0121089739551532
0.0181634609327299
0.0242179479103065
0.0302724348878831
0.0363269218654597
0.0423814088430363
0.0484358958206130
0.0544903827981896
0.0605448697757662
0.0665993567533428
0.0726538437309194
0.0787083307084961
0.0847628176860727
0.0908173046636493
0.0968717916412259
0.102926278618803
0.108980765596379
0.115035252573956
0.121089739551532
0.127144226529109
0.133198713506686
0.139253200484262
0.145307687461839
0.151362174439416
0.157416661416992
0.163471148394569
0.169525635372145
0.175580122349722
0.181634609327299
0.187689096304875
0.193743583282452
0.199798070260028
0.205852557237605
0.211907044215182
0.217961531192758
0.224016018170335
0.230070505147912
0.236124992125488
0.242179479103065
0.248233966080641
0.254288453058218
0.260342940035795
0.266397427013371
0.272451913990948
0.278506400968525
0.284560887946101
0.290615374923678
0.296669861901254
0.302724348878831
0.308778835856408
0.314833322833984
0.320887809811561
0.326942296789138
0.332996783766714
0.339051270744291
0.345105757721867
0.351160244699444
0.357214731677021
0.363269218654597
0.369323705632174
0.375378192609750
0.381432679587327
0.387487166564904
0.393541653542480
0.399596140520057
0.405650627497634
0.411705114475210
0.417759601452787
0.423814088430363
0.429868575407940
0.435923062385517
0.441977549363093
0.448032036340670
0.454086523318247
0.460141010295823
0.466195497273400
0.472249984250976
0.478304471228553
0.484358958206130
0.490413445183706
0.496467932161283
0.502522419138859
0.508576906116436
0.514631393094013
0.520685880071589
0.526740367049166
0.532794854026743
0.538849341004319
0.544903827981896
0.550958314959473
0.557012801937049
0.563067288914626
0.569121775892202
0.575176262869779
0.581230749847356
0.587285236824932
0.593339723802509
0.599394210780085
0.605448697757662
0.611503184735239
0.617557671712815
0.623612158690392
0.629666645667969
0.635721132645545
0.641775619623122
0.647830106600698
0.653884593578275
0.659939080555852
0.665993567533428
0.672048054511005
0.678102541488581
0.684157028466158
0.690211515443735
0.696266002421311
0.702320489398888
0.708374976376465
0.714429463354041
0.720483950331618
0.726538437309194
0.732592924286771
0.738647411264348
0.744701898241924
0.750756385219501
0.756810872197077
0.762865359174654
0.768919846152231
0.774974333129807
0.781028820107384
0.787083307084961
0.793137794062537
0.799192281040114
0.805246768017691
0.811301254995267
0.817355741972844
0.823410228950420
0.829464715927997
0.835519202905574
0.841573689883150
0.847628176860727
0.853682663838303
0.859737150815880
0.865791637793457
0.871846124771033
0.877900611748610
0.883955098726187
0.890009585703763
0.896064072681340
0.902118559658916
0.908173046636493
0.914227533614070
0.920282020591646
0.926336507569223
0.932390994546799
0.938445481524376
0.944499968501953
0.950554455479529
0.956608942457106
0.962663429434683
0.968717916412259
0.974772403389836
0.980826890367412
0.986881377344989
0.992935864322566
0.998990351300142
1.00504483827772
1.01109932525530
1.01715381223287
1.02320829921045
1.02926278618803
1.03531727316560
1.04137176014318
1.04742624712076
1.05348073409833
1.05953522107591
1.06558970805349
1.07164419503106
1.07769868200864
1.08375316898622
1.08980765596379
1.09586214294137
1.10191662991895
1.10797111689652
1.11402560387410
1.12008009085167
1.12613457782925
1.13218906480683
1.13824355178440
1.14429803876198
1.15035252573956
1.15640701271713
1.16246149969471
1.16851598667229
1.17457047364986
1.18062496062744
1.18667944760502
1.19273393458259
1.19878842156017
1.20484290853775
1.21089739551532
1.21695188249290
1.22300636947048
1.22906085644805
1.23511534342563
1.24116983040321
1.24722431738078
1.25327880435836
1.25933329133594
1.26538777831351
1.27144226529109
1.27749675226867
1.28355123924624
1.28960572622382
1.29566021320140
1.30171470017897
1.30776918715655
1.31382367413413
1.31987816111170
1.32593264808928
1.33198713506686
1.33804162204443
1.34409610902201
1.35015059599959
1.35620508297716
1.36225956995474
1.36831405693232
1.37436854390989
1.38042303088747
1.38647751786505
1.39253200484262
1.39858649182020
1.40464097879778
1.41069546577535
1.41674995275293
1.42280443973051
1.42885892670808
1.43491341368566
1.44096790066324
1.44702238764081
1.45307687461839
1.45913136159597
1.46518584857354
1.47124033555112
1.47729482252870
1.48334930950627
1.48940379648385
1.49545828346143